1 0.1375 0.1359375 0.25390625 0.26796875
3 0.67109375 0.67734375 0.2265625 0.25234375
0 0.37421875 0.15625 0.22734375 0.23828125
4 0.6265625 0.1734375 0.21953125 0.2375
2 0.87890625 0.19609375 0.24140625 0.25234375
1 0.1453125 0.39375 0.215625 0.234375
2 0.39296875 0.41796875 0.23515625 0.2484375
2 0.63671875 0.43203125 0.2390625 0.2578125
2 0.90078125 0.453125 0.1984375 0.259375
1 0.1609375 0.64609375 0.22734375 0.24921875
3 0.40546875 0.65 0.22578125 0.24453125
0 0.89375 0.69296875 0.2125 0.2578125
2 0.17265625 0.88671875 0.24921875 0.2265625
3 0.42109375 0.8953125 0.25390625 0.209375
3 0.684375 0.8984375 0.234375 0.20234375
2 0.903125 0.90625 0.19375 0.1875