1 0.14765625 0.1203125 0.25859375 0.240625
3 0.65546875 0.57890625 0.23359375 0.26640625
0 0.384375 0.11171875 0.24765625 0.2234375
4 0.63671875 0.10078125 0.2296875 0.2015625
2 0.8859375 0.09609375 0.228125 0.1921875
1 0.14296875 0.35859375 0.2265625 0.2515625
2 0.38984375 0.3515625 0.2359375 0.25859375
2 0.63359375 0.33515625 0.2296875 0.25546875
2 0.89765625 0.321875 0.2046875 0.271875
1 0.1453125 0.61328125 0.221875 0.2515625
3 0.38984375 0.5859375 0.23984375 0.265625
0 0.8875 0.56328125 0.225 0.25859375
2 0.15 0.8640625 0.2375 0.253125
3 0.39140625 0.85078125 0.2578125 0.2578125
3 0.65625 0.8265625 0.225 0.25625
2 0.8875 0.80625 0.225 0.259375