4 0.12734375 0.14296875 0.2546875 0.24765625
1 0.3765625 0.13671875 0.22890625 0.2328125
3 0.62578125 0.159375 0.23515625 0.25
2 0.8828125 0.1625 0.234375 0.2625
0 0.1234375 0.3796875 0.24609375 0.25703125
2 0.36328125 0.396875 0.21953125 0.24296875
1 0.61171875 0.41328125 0.2109375 0.25859375
3 0.86484375 0.403125 0.21953125 0.23984375
0 0.11328125 0.63671875 0.2265625 0.2453125
4 0.35078125 0.63828125 0.2140625 0.25859375
3 0.61484375 0.65 0.22890625 0.24375
4 0.86796875 0.6625 0.21640625 0.25234375
0 0.11015625 0.87578125 0.21953125 0.2484375
0 0.3375 0.878125 0.2 0.24375
4 0.60703125 0.88359375 0.2203125 0.23203125
0 0.85625 0.890625 0.25625 0.21796875