4 0.1453125 0.11953125 0.290625 0.2390625
1 0.396875 0.10625 0.2625 0.2125
3 0.64140625 0.11953125 0.2828125 0.2390625
2 0.8828125 0.1125 0.23125 0.22421875
0 0.1265625 0.33828125 0.253125 0.2890625
2 0.34921875 0.34296875 0.2546875 0.26796875
1 0.59375 0.35 0.23984375 0.27734375
3 0.84765625 0.3265625 0.2515625 0.2625
0 0.1046875 0.5953125 0.20859375 0.290625
4 0.30234375 0.5859375 0.2328125 0.26953125
3 0.56484375 0.5859375 0.27578125 0.28203125
4 0.81484375 0.5875 0.2390625 0.26484375
0 0.0828125 0.834375 0.165625 0.2875
0 0.25625 0.8328125 0.25390625 0.29375
4 0.52421875 0.82734375 0.25859375 0.27265625
0 0.77109375 0.8234375 0.2734375 0.24453125