0 0.12265625 0.15078125 0.24140625 0.26171875
0 0.359375 0.146875 0.23125 0.240625
2 0.60546875 0.146875 0.21328125 0.234375
1 0.86484375 0.12890625 0.2109375 0.2234375
1 0.13984375 0.4015625 0.24765625 0.26640625
2 0.3921875 0.39609375 0.246875 0.25234375
4 0.63359375 0.3875 0.2578125 0.24921875
3 0.890625 0.38359375 0.20546875 0.2359375
2 0.16796875 0.653125 0.26953125 0.265625
2 0.41015625 0.64140625 0.2546875 0.27578125
2 0.66484375 0.63515625 0.28671875 0.2859375
0 0.89609375 0.6234375 0.2078125 0.275
3 0.19296875 0.88359375 0.26640625 0.2328125
2 0.4421875 0.88125 0.25 0.2375
2 0.6796875 0.87265625 0.253125 0.2546875
0 0.9109375 0.871875 0.178125 0.25625