0 0.14765625 0.12734375 0.2515625 0.2515625
0 0.38984375 0.1546875 0.25703125 0.271875
2 0.63515625 0.1921875 0.22734375 0.25859375
1 0.8921875 0.21328125 0.21328125 0.2609375
1 0.11875 0.36328125 0.23671875 0.27421875
2 0.36953125 0.4 0.25078125 0.271875
4 0.6109375 0.43203125 0.25703125 0.2640625
3 0.8671875 0.47109375 0.21328125 0.2546875
2 0.1109375 0.61171875 0.22109375 0.2765625
2 0.33125 0.63984375 0.25625 0.2921875
2 0.5875 0.67734375 0.28828125 0.30546875
0 0.83671875 0.709375 0.25859375 0.3
3 0.09921875 0.8546875 0.1984375 0.284375
2 0.31015625 0.87890625 0.24453125 0.2421875
2 0.54609375 0.89296875 0.23359375 0.2140625
0 0.8125 0.909375 0.25 0.18125