4 0.10078125 0.1671875 0.2015625 0.271875
4 0.40078125 0.89140625 0.2265625 0.21640625
4 0.6484375 0.89296875 0.2125 0.21328125
4 0.89140625 0.88984375 0.2015625 0.2203125
1 0.34609375 0.16640625 0.2421875 0.27890625
1 0.59375 0.16328125 0.23125 0.2578125
1 0.86328125 0.39921875 0.2234375 0.2640625
0 0.8390625 0.16875 0.23359375 0.23828125
0 0.36328125 0.42109375 0.20390625 0.2390625
0 0.38515625 0.66640625 0.2296875 0.2703125
0 0.63515625 0.6578125 0.2609375 0.28671875
2 0.1125 0.415625 0.215625 0.26171875
2 0.61484375 0.41015625 0.2078125 0.2578125
2 0.140625 0.88984375 0.228125 0.2203125
3 0.12734375 0.66171875 0.2328125 0.28046875
3 0.88125 0.65703125 0.21875 0.25078125