3 0.1515625 0.12109375 0.2625 0.2421875
1 0.40546875 0.11484375 0.2234375 0.2296875
1 0.65859375 0.10703125 0.2265625 0.2140625
0 0.9078125 0.10703125 0.18125 0.2140625
1 0.16171875 0.35078125 0.2609375 0.2828125
1 0.4171875 0.34765625 0.21875 0.2859375
1 0.66640625 0.34375 0.22734375 0.26953125
4 0.8859375 0.3375 0.228125 0.2875
1 0.15703125 0.60078125 0.2484375 0.28671875
4 0.41015625 0.59453125 0.21484375 0.2671875
3 0.66953125 0.59296875 0.2515625 0.28359375
1 0.8859375 0.5875 0.228125 0.30625
1 0.16875 0.85625 0.21875 0.25625
3 0.41953125 0.8421875 0.3015625 0.28671875
3 0.65859375 0.84140625 0.22109375 0.2484375
2 0.88515625 0.82265625 0.2296875 0.2546875