4 0.13515625 0.11875 0.1984375 0.2375
4 0.4 0.86484375 0.23671875 0.25546875
4 0.64921875 0.86875 0.1984375 0.228125
4 0.89453125 0.8671875 0.1828125 0.23046875
1 0.38984375 0.11953125 0.2203125 0.2390625
1 0.6390625 0.12109375 0.23515625 0.24140625
1 0.89296875 0.35859375 0.2140625 0.2453125
0 0.88359375 0.1203125 0.2328125 0.240625
0 0.39296875 0.37265625 0.2015625 0.2203125
0 0.4 0.61640625 0.21640625 0.2421875
0 0.6515625 0.61328125 0.25234375 0.26015625
2 0.1421875 0.365625 0.2 0.234375
2 0.6453125 0.365625 0.21015625 0.246875
2 0.140625 0.86171875 0.196875 0.2328125
3 0.1421875 0.61171875 0.22109375 0.2546875
3 0.8953125 0.61328125 0.209375 0.2328125