3 0.12265625 0.13046875 0.2296875 0.26015625
1 0.37734375 0.13125 0.1859375 0.253125
1 0.63046875 0.134375 0.2140625 0.25078125
0 0.8859375 0.1453125 0.16875 0.2375
1 0.1296875 0.38203125 0.2375 0.26640625
1 0.384375 0.3875 0.196875 0.26875
1 0.6328125 0.3921875 0.21875 0.26640625
4 0.86875 0.39453125 0.228125 0.26328125
1 0.1203125 0.63203125 0.23125 0.27265625
4 0.3734375 0.6328125 0.196875 0.25625
3 0.63125 0.64140625 0.228125 0.26640625
1 0.8734375 0.64296875 0.246875 0.2796875
1 0.12734375 0.88359375 0.1890625 0.23203125
3 0.37890625 0.88125 0.2484375 0.2375
3 0.61796875 0.8828125 0.2140625 0.234375
2 0.871875 0.8828125 0.25625 0.23359375