2 0.11015625 0.15625 0.21796875 0.26796875
3 0.34375 0.13125 0.275 0.2625
2 0.596875 0.1046875 0.26328125 0.20859375
3 0.85 0.07890625 0.24140625 0.1578125
3 0.1375 0.40859375 0.24375 0.2828125
4 0.38828125 0.3671875 0.27109375 0.30078125
3 0.64375 0.32109375 0.25 0.29296875
3 0.87421875 0.27421875 0.2515625 0.29296875
3 0.1765625 0.66328125 0.24375 0.2609375
4 0.41015625 0.6234375 0.24609375 0.26875
4 0.665625 0.56484375 0.275 0.28203125
2 0.8859375 0.5125 0.22734375 0.278125
4 0.45703125 0.84765625 0.2734375 0.26015625
2 0.71171875 0.81484375 0.25859375 0.2734375
1 0.90703125 0.76328125 0.18515625 0.28828125