3 0.121875 0.13671875 0.24375 0.2515625
2 0.3796875 0.13203125 0.23828125 0.25390625
3 0.6234375 0.125 0.23515625 0.25
4 0.865625 0.1203125 0.21875 0.240625
0 0.14375 0.390625 0.259375 0.240625
3 0.39765625 0.378125 0.2140625 0.21484375
4 0.6546875 0.3703125 0.2375 0.23671875
1 0.8890625 0.3703125 0.215625 0.20859375
4 0.159375 0.63671875 0.23359375 0.22890625
1 0.40390625 0.6234375 0.2328125 0.24609375
4 0.66640625 0.625 0.23828125 0.22734375
3 0.89296875 0.6125 0.2140625 0.25
1 0.17421875 0.878125 0.2203125 0.24296875
3 0.43125 0.878125 0.21875 0.23671875
2 0.684375 0.87734375 0.22109375 0.23203125
2 0.91875 0.86875 0.1625 0.23125