3 0.12265625 0.15234375 0.24453125 0.26171875
0 0.3671875 0.14921875 0.19453125 0.2265625
4 0.61484375 0.17265625 0.20234375 0.2265625
1 0.85546875 0.16640625 0.20546875 0.2359375
1 0.115625 0.41171875 0.23046875 0.2265625
1 0.36171875 0.4078125 0.26328125 0.25234375
3 0.61953125 0.40703125 0.20234375 0.2421875
0 0.86484375 0.4171875 0.22421875 0.24296875
0 0.11640625 0.63359375 0.2328125 0.2421875
0 0.3515625 0.64375 0.24140625 0.240625
2 0.61328125 0.65859375 0.20859375 0.23359375
2 0.8703125 0.66640625 0.23515625 0.2390625
2 0.12421875 0.88359375 0.24765625 0.2328125
3 0.3484375 0.8828125 0.228125 0.234375
2 0.61328125 0.8921875 0.21640625 0.21484375
2 0.85 0.8921875 0.215625 0.215625