3 0.1453125 0.13671875 0.275 0.2734375
0 0.3953125 0.14609375 0.2125 0.2390625
4 0.64453125 0.1828125 0.2203125 0.2375
1 0.884375 0.1921875 0.23046875 0.25546875
1 0.14453125 0.39296875 0.23671875 0.2234375
1 0.3953125 0.403125 0.25234375 0.234375
3 0.65234375 0.41953125 0.23046875 0.26015625
0 0.8890625 0.4421875 0.22109375 0.25625
0 0.15 0.61484375 0.253125 0.2515625
0 0.3890625 0.6390625 0.246875 0.240625
2 0.6515625 0.66953125 0.221875 0.24296875
2 0.89609375 0.69296875 0.2078125 0.2359375
2 0.16640625 0.8671875 0.2640625 0.25234375
3 0.38984375 0.87578125 0.24765625 0.24765625
2 0.65546875 0.89375 0.2328125 0.2125
2 0.88671875 0.8984375 0.2265625 0.203125