4 0.16640625 0.12578125 0.24765625 0.2453125
1 0.40703125 0.15078125 0.2171875 0.26015625
0 0.653125 0.190625 0.259375 0.26328125
1 0.89609375 0.23125 0.20703125 0.26328125
0 0.13828125 0.36484375 0.2484375 0.2703125
2 0.3890625 0.39296875 0.2375 0.29296875
0 0.63125 0.43984375 0.22109375 0.2234375
0 0.87734375 0.4796875 0.2046875 0.26875
3 0.12421875 0.61640625 0.2359375 0.27109375
2 0.3625 0.64609375 0.246875 0.2734375
3 0.61640625 0.6875 0.2421875 0.27109375
1 0.8734375 0.7265625 0.234375 0.26328125
3 0.12265625 0.8609375 0.2296875 0.2625
3 0.34921875 0.8890625 0.2390625 0.221875
2 0.5984375 0.89921875 0.253125 0.2015625
1 0.8515625 0.91015625 0.271875 0.1796875