4 0.12578125 0.128125 0.2515625 0.25625
1 0.36796875 0.125 0.2171875 0.24296875
0 0.6140625 0.128125 0.23828125 0.21484375
1 0.86953125 0.12578125 0.20703125 0.22421875
0 0.1078125 0.3875 0.21484375 0.22421875
2 0.35625 0.3734375 0.2375 0.27109375
0 0.59921875 0.37734375 0.20546875 0.18359375
0 0.84609375 0.37578125 0.1921875 0.24296875
3 0.103125 0.63984375 0.20625 0.2328125
2 0.33671875 0.63125 0.21640625 0.22421875
3 0.5921875 0.628125 0.21484375 0.22734375
1 0.84921875 0.6234375 0.2359375 0.24296875
3 0.10625 0.8859375 0.2125 0.22734375
3 0.3296875 0.88828125 0.22578125 0.21640625
2 0.5796875 0.87578125 0.24375 0.23828125
1 0.83671875 0.86796875 0.25546875 0.2484375