2 0.1203125 0.14375 0.221875 0.25625
2 0.6140625 0.1484375 0.24375 0.26015625
2 0.1234375 0.38359375 0.2125 0.26015625
2 0.37578125 0.88359375 0.1921875 0.2328125
4 0.3640625 0.1421875 0.246875 0.26328125
4 0.8703125 0.40546875 0.2125 0.24765625
4 0.621875 0.64921875 0.20625 0.23203125
1 0.87109375 0.15625 0.2390625 0.26015625
1 0.3765625 0.38828125 0.24375 0.26484375
1 0.62421875 0.8828125 0.2015625 0.234375
1 0.61796875 0.39375 0.1953125 0.24453125
3 0.121875 0.63203125 0.20625 0.25703125
3 0.38046875 0.64140625 0.2421875 0.26484375
3 0.87265625 0.6546875 0.2234375 0.234375
1 0.11484375 0.875 0.1984375 0.24921875
0 0.87578125 0.88671875 0.1734375 0.2265625