2 0.146875 0.12734375 0.21875 0.25078125
2 0.39453125 0.1375 0.24296875 0.25625
2 0.64765625 0.40703125 0.22421875 0.26015625
2 0.40625 0.6375 0.25 0.275
0 0.6390625 0.15625 0.20625 0.25390625
0 0.15703125 0.37109375 0.24140625 0.2671875
0 0.6625 0.65546875 0.221875 0.24765625
0 0.6609375 0.8859375 0.240625 0.228125
0 0.15625 0.86640625 0.22734375 0.26328125
3 0.8890625 0.16953125 0.221875 0.2640625
3 0.1515625 0.6140625 0.24609375 0.26875
3 0.89609375 0.67421875 0.2078125 0.2484375
4 0.40078125 0.38359375 0.24140625 0.2671875
4 0.4078125 0.878125 0.246875 0.24375
4 0.903125 0.89609375 0.19375 0.2078125
1 0.88515625 0.425 0.22890625 0.240625