1 0.13203125 0.1265625 0.2265625 0.25
3 0.3859375 0.1546875 0.24765625 0.25703125
2 0.6421875 0.19453125 0.26015625 0.2609375
2 0.88125 0.22734375 0.23046875 0.26796875
1 0.1265625 0.375 0.24921875 0.27578125
3 0.3640625 0.41484375 0.22578125 0.2546875
2 0.61484375 0.44609375 0.22578125 0.2734375
2 0.8609375 0.49375 0.24921875 0.27578125
1 0.09453125 0.6140625 0.1890625 0.234375
2 0.3390625 0.65390625 0.24375 0.2546875
1 0.5875 0.69921875 0.22578125 0.2546875
3 0.83046875 0.73046875 0.23984375 0.2578125
2 0.09140625 0.865625 0.18203125 0.26796875
0 0.31328125 0.8890625 0.2265625 0.221875
0 0.5625 0.9 0.22265625 0.2
2 0.81953125 0.91796875 0.2421875 0.1640625