2 0.1296875 0.1203125 0.21171875 0.23984375
2 0.37734375 0.12421875 0.2609375 0.2484375
2 0.59453125 0.3734375 0.23671875 0.26015625
2 0.31875 0.61796875 0.2375 0.25546875
0 0.62109375 0.12578125 0.2234375 0.2515625
0 0.11484375 0.3640625 0.22890625 0.26171875
0 0.57265625 0.621875 0.2140625 0.234375
0 0.5390625 0.865625 0.253125 0.25234375
0 0.07421875 0.86015625 0.1484375 0.25859375
3 0.875 0.12578125 0.23125 0.2515625
3 0.09453125 0.60703125 0.1890625 0.25859375
3 0.82265625 0.628125 0.2359375 0.23515625
4 0.3484375 0.36484375 0.24453125 0.26171875
4 0.2859375 0.86875 0.246875 0.25234375
4 0.7859375 0.86484375 0.22578125 0.24296875
1 0.8359375 0.3796875 0.2625 0.24921875