4 0.12109375 0.1515625 0.21640625 0.24609375
4 0.4 0.4015625 0.26328125 0.26875
4 0.88203125 0.4140625 0.2359375 0.246875
4 0.17890625 0.646875 0.2765625 0.26171875
4 0.4140625 0.66328125 0.19765625 0.2421875
4 0.89921875 0.665625 0.2015625 0.2625
4 0.1875 0.88046875 0.2375 0.2390625
4 0.446875 0.890625 0.18046875 0.21796875
4 0.68515625 0.9046875 0.1984375 0.18984375
4 0.91640625 0.90234375 0.1671875 0.1953125
2 0.375 0.15546875 0.259375 0.2796875
2 0.1421875 0.39296875 0.22578125 0.2640625
0 0.61875 0.16328125 0.203125 0.2359375
0 0.66796875 0.66484375 0.21015625 0.24609375
0 0.8765625 0.17109375 0.246875 0.2546875
0 0.64453125 0.4078125 0.22109375 0.23984375