2 0.14765625 0.1203125 0.26796875 0.240625
4 0.39609375 0.12890625 0.22265625 0.25078125
3 0.6734375 0.14296875 0.228125 0.26328125
4 0.8859375 0.1578125 0.22734375 0.26796875
1 0.1359375 0.3640625 0.228125 0.26484375
0 0.39453125 0.390625 0.26015625 0.25625
0 0.64765625 0.40078125 0.24140625 0.25078125
2 0.8796875 0.409375 0.240625 0.271875
3 0.1390625 0.61328125 0.234375 0.26328125
4 0.38125 0.6390625 0.25078125 0.240625
4 0.634375 0.64921875 0.24609375 0.2453125
2 0.8890625 0.66640625 0.22109375 0.24765625
3 0.1390625 0.8578125 0.23359375 0.25546875
2 0.390625 0.8828125 0.259375 0.234375
4 0.62890625 0.88359375 0.2484375 0.2328125
2 0.87734375 0.90234375 0.2171875 0.1953125