4 0.10625 0.171875 0.2125 0.27109375
4 0.3765625 0.4109375 0.2625 0.28046875
4 0.8640625 0.40078125 0.271875 0.2859375
4 0.15703125 0.6671875 0.26328125 0.26171875
4 0.3921875 0.6703125 0.18671875 0.24453125
4 0.88828125 0.6515625 0.2234375 0.271875
4 0.1671875 0.884375 0.24921875 0.23125
4 0.4265625 0.8921875 0.18359375 0.215625
4 0.6640625 0.90078125 0.20234375 0.1984375
4 0.9078125 0.89453125 0.184375 0.2109375
2 0.35 0.16015625 0.24375 0.2859375
2 0.11875 0.41484375 0.2125 0.26328125
0 0.59296875 0.16015625 0.21953125 0.2578125
0 0.6453125 0.6625 0.234375 0.27578125
0 0.8515625 0.1671875 0.24609375 0.240625
0 0.621875 0.40625 0.234375 0.26328125