0 0.115625 0.15 0.221875 0.2375
2 0.384375 0.1515625 0.228125 0.259375
3 0.6203125 0.16484375 0.225 0.2546875
1 0.88203125 0.1875 0.2078125 0.25390625
1 0.11875 0.39296875 0.16875 0.24765625
4 0.36796875 0.40859375 0.1953125 0.26015625
2 0.6296875 0.4328125 0.21875 0.234375
4 0.8828125 0.44609375 0.234375 0.25546875
2 0.1296875 0.640625 0.209375 0.25078125
0 0.37578125 0.66015625 0.2078125 0.23984375
0 0.628125 0.675 0.1875 0.23828125
2 0.8703125 0.69765625 0.2 0.2390625
1 0.12734375 0.87734375 0.2234375 0.2453125
1 0.37890625 0.8890625 0.2453125 0.22109375
2 0.62734375 0.90546875 0.2109375 0.18828125
3 0.8734375 0.9078125 0.225 0.184375