0 0.1140625 0.15 0.228125 0.24375
2 0.37890625 0.1515625 0.24296875 0.26015625
3 0.61484375 0.16484375 0.2296875 0.2515625
1 0.8765625 0.18828125 0.23203125 0.2640625
1 0.10078125 0.39140625 0.19921875 0.26171875
4 0.35 0.4078125 0.2 0.25390625
2 0.61171875 0.4328125 0.23203125 0.2375
4 0.86484375 0.44609375 0.2453125 0.25546875
2 0.10703125 0.640625 0.21328125 0.25546875
0 0.346875 0.6609375 0.23125 0.25
0 0.59921875 0.67578125 0.2046875 0.24140625
2 0.84140625 0.69765625 0.2171875 0.2453125
1 0.1046875 0.8765625 0.209375 0.246875
1 0.3375 0.89140625 0.246875 0.2171875
2 0.5859375 0.903125 0.234375 0.19375
3 0.8328125 0.9109375 0.225 0.17734375