2 0.16953125 0.11171875 0.2609375 0.21953125
2 0.4234375 0.13203125 0.259375 0.25078125
2 0.9015625 0.19921875 0.196875 0.2484375
2 0.1546875 0.5859375 0.25625 0.27421875
1 0.68046875 0.1640625 0.2546875 0.24921875
1 0.8890625 0.6828125 0.221875 0.278125
1 0.16640625 0.340625 0.2640625 0.27109375
1 0.40078125 0.62890625 0.26796875 0.2609375
1 0.64296875 0.6515625 0.2234375 0.25
1 0.3859375 0.87734375 0.25625 0.2453125
1 0.62421875 0.8828125 0.2578125 0.234375
0 0.40859375 0.37578125 0.27109375 0.2828125
0 0.88125 0.91171875 0.203125 0.1765625
0 0.6609375 0.4078125 0.25078125 0.25546875
0 0.90078125 0.4421875 0.1984375 0.246875
0 0.13828125 0.84140625 0.19296875 0.25703125