1 0.13046875 0.1375 0.2578125 0.265625
2 0.37421875 0.1296875 0.24140625 0.25625
3 0.6328125 0.14375 0.21484375 0.221875
2 0.87421875 0.13359375 0.2515625 0.2453125
0 0.13359375 0.3859375 0.23984375 0.24375
4 0.3859375 0.38359375 0.228125 0.2265625
0 0.63125 0.3828125 0.184375 0.23046875
1 0.89375 0.37890625 0.21171875 0.2296875
2 0.15625 0.64375 0.24453125 0.246875
2 0.4078125 0.6375 0.24296875 0.25625
2 0.65625 0.63671875 0.2375 0.2234375
2 0.89453125 0.63671875 0.2109375 0.2296875
2 0.16796875 0.8828125 0.2421875 0.234375
4 0.4125 0.875 0.246875 0.25
0 0.66640625 0.8875 0.2296875 0.22421875
4 0.89296875 0.8828125 0.2140625 0.234375