4 0.1296875 0.13671875 0.24609375 0.27265625
4 0.6359375 0.16875 0.23359375 0.265625
4 0.64609375 0.67578125 0.20859375 0.2515625
4 0.15390625 0.8828125 0.2140625 0.234375
4 0.6484375 0.89765625 0.20703125 0.2046875
4 0.9015625 0.90703125 0.196875 0.1859375
1 0.37578125 0.15 0.24453125 0.26484375
1 0.878125 0.18671875 0.22734375 0.2671875
1 0.14140625 0.390625 0.2390625 0.25078125
1 0.14921875 0.64609375 0.1921875 0.24296875
0 0.39765625 0.41328125 0.2046875 0.2390625
0 0.64296875 0.425 0.1921875 0.24140625
3 0.884375 0.434375 0.23125 0.265625
3 0.8953125 0.69609375 0.20859375 0.2703125
3 0.40625 0.88359375 0.21796875 0.2328125
2 0.40078125 0.65546875 0.2109375 0.2484375