1 0.1140625 0.16015625 0.228125 0.28359375
2 0.33359375 0.1328125 0.2609375 0.26484375
3 0.5921875 0.11796875 0.22890625 0.2328125
2 0.8390625 0.10546875 0.271875 0.2109375
0 0.11171875 0.40859375 0.22265625 0.27578125
4 0.33671875 0.3828125 0.26171875 0.25546875
0 0.58359375 0.3578125 0.23046875 0.259375
1 0.85 0.328125 0.25390625 0.25859375
2 0.1171875 0.66484375 0.234375 0.2703125
2 0.35 0.63515625 0.265625 0.27265625
2 0.6 0.61015625 0.28046875 0.2640625
2 0.83984375 0.584375 0.2609375 0.27109375
2 0.11484375 0.890625 0.22890625 0.21796875
4 0.34609375 0.865625 0.26171875 0.25546875
0 0.60078125 0.85859375 0.2578125 0.25078125
4 0.8375 0.834375 0.23125 0.24375