4 0.11875 0.13125 0.2375 0.2625
4 0.61796875 0.12265625 0.24921875 0.2453125
4 0.59765625 0.62265625 0.2015625 0.23359375
4 0.1 0.8828125 0.2 0.23359375
4 0.58359375 0.87265625 0.1984375 0.23984375
4 0.84453125 0.8625 0.22421875 0.24609375
1 0.35859375 0.1234375 0.24609375 0.246875
1 0.8609375 0.11640625 0.21875 0.2328125
1 0.11796875 0.3875 0.2359375 0.25
1 0.09921875 0.64140625 0.18515625 0.22734375
0 0.36328125 0.384375 0.23046875 0.24609375
0 0.609375 0.37109375 0.19375 0.23046875
3 0.8515625 0.3578125 0.23515625 0.25234375
3 0.85859375 0.61640625 0.23203125 0.25703125
3 0.3390625 0.86953125 0.22578125 0.25390625
2 0.3515625 0.62734375 0.23515625 0.25390625