0 0.14140625 0.13125 0.2578125 0.2625
4 0.375 0.140625 0.23515625 0.259375
3 0.6328125 0.1546875 0.24140625 0.259375
4 0.88359375 0.1640625 0.2328125 0.25625
4 0.14609375 0.38515625 0.2296875 0.25078125
3 0.39765625 0.39765625 0.2484375 0.2453125
0 0.65234375 0.40234375 0.25078125 0.2640625
3 0.88359375 0.4203125 0.23203125 0.246875
1 0.15078125 0.63046875 0.2421875 0.2515625
3 0.40234375 0.63046875 0.2578125 0.27109375
2 0.65625 0.66171875 0.23984375 0.2671875
0 0.89296875 0.67578125 0.21328125 0.2515625
2 0.16953125 0.87578125 0.2609375 0.2484375
3 0.40703125 0.87734375 0.23828125 0.2453125
0 0.65859375 0.89375 0.2078125 0.2125
0 0.90234375 0.9078125 0.19453125 0.184375