0 0.1359375 0.12578125 0.271875 0.25078125
4 0.3640625 0.125 0.271875 0.25
3 0.62265625 0.1203125 0.2546875 0.240625
4 0.8734375 0.11796875 0.25 0.2359375
4 0.109375 0.36796875 0.21875 0.2484375
3 0.35078125 0.3671875 0.26328125 0.25078125
0 0.60703125 0.35703125 0.2578125 0.26171875
3 0.840625 0.36171875 0.27578125 0.26640625
1 0.1015625 0.6140625 0.203125 0.26875
3 0.321875 0.6 0.278125 0.27734375
2 0.57265625 0.6171875 0.22890625 0.24921875
0 0.821875 0.61640625 0.24921875 0.2515625
2 0.0921875 0.8640625 0.184375 0.25390625
3 0.2875 0.859375 0.23515625 0.2625
0 0.5390625 0.86171875 0.221875 0.24140625
0 0.79140625 0.86171875 0.23359375 0.2234375