4 0.10703125 0.1484375 0.21328125 0.24921875
4 0.85078125 0.29609375 0.2015625 0.2640625
2 0.353125 0.11796875 0.209375 0.23515625
2 0.11171875 0.38515625 0.2234375 0.2765625
2 0.61328125 0.321875 0.20703125 0.24375
2 0.12265625 0.625 0.2265625 0.2625
2 0.87109375 0.5421875 0.18828125 0.25078125
1 0.60625 0.10078125 0.18984375 0.2015625
1 0.62578125 0.5765625 0.2296875 0.275
1 0.13671875 0.87578125 0.21328125 0.24296875
1 0.3765625 0.85078125 0.21796875 0.26015625
1 0.63828125 0.82109375 0.2203125 0.27578125
3 0.84921875 0.08515625 0.21171875 0.16953125
3 0.359375 0.36171875 0.20234375 0.2546875
3 0.8796875 0.796875 0.2 0.26484375
0 0.36640625 0.60625 0.2109375 0.265625