1 0.13046875 0.13125 0.21640625 0.259375
0 0.38828125 0.14765625 0.24453125 0.2609375
2 0.634375 0.16640625 0.23125 0.26796875
1 0.8765625 0.18203125 0.246875 0.2546875
2 0.1328125 0.371875 0.25 0.271875
4 0.3890625 0.3953125 0.25234375 0.259375
3 0.63359375 0.4171875 0.24140625 0.25625
4 0.88515625 0.43671875 0.2296875 0.2671875
2 0.13984375 0.6328125 0.23359375 0.23671875
2 0.38671875 0.659375 0.2453125 0.28125
3 0.634375 0.653125 0.23046875 0.25078125
3 0.8859375 0.690625 0.22265625 0.24375
0 0.14140625 0.8671875 0.2328125 0.26484375
0 0.38125 0.88515625 0.21484375 0.2296875
2 0.634375 0.88515625 0.2125 0.2296875
0 0.89375 0.90078125 0.2125 0.1984375