2 0.10078125 0.13828125 0.2015625 0.2671875
2 0.61953125 0.34453125 0.2421875 0.2515625
2 0.85625 0.31484375 0.215625 0.2453125
3 0.35 0.125 0.21875 0.25
3 0.85 0.09921875 0.25 0.19765625
3 0.884375 0.55625 0.225 0.26015625
3 0.63828125 0.83515625 0.2640625 0.2765625
0 0.59765625 0.11171875 0.2203125 0.22265625
0 0.12265625 0.39453125 0.2203125 0.27421875
0 0.36796875 0.36875 0.2015625 0.24609375
0 0.13984375 0.6421875 0.2484375 0.27890625
0 0.37890625 0.61171875 0.2203125 0.26171875
0 0.13515625 0.884375 0.1890625 0.22578125
1 0.61953125 0.58828125 0.2203125 0.24921875
4 0.38984375 0.85859375 0.2296875 0.25390625
4 0.8796875 0.80703125 0.23125 0.27265625