4 0.15078125 0.11953125 0.22578125 0.2390625
1 0.39921875 0.11640625 0.2515625 0.23203125
2 0.64765625 0.1171875 0.2609375 0.23359375
4 0.8796875 0.1078125 0.240625 0.215625
1 0.13515625 0.353125 0.2578125 0.26953125
0 0.37734375 0.3390625 0.2609375 0.28515625
3 0.62578125 0.3390625 0.2703125 0.303125
2 0.875 0.33984375 0.240625 0.29765625
2 0.1171875 0.59921875 0.234375 0.2671875
0 0.36796875 0.59375 0.2515625 0.271875
0 0.6 0.596875 0.24375 0.28359375
1 0.8546875 0.59453125 0.23125 0.2671875
3 0.10703125 0.84140625 0.2140625 0.2796875
2 0.33125 0.8484375 0.203125 0.2625
2 0.5859375 0.83359375 0.209375 0.2640625
2 0.84296875 0.82109375 0.25078125 0.2546875