0 0.121875 0.14296875 0.24375 0.2703125
0 0.35625 0.1328125 0.24140625 0.25
3 0.609375 0.1359375 0.215625 0.23125
0 0.86484375 0.11953125 0.2296875 0.2390625
3 0.1140625 0.40703125 0.228125 0.2359375
2 0.3546875 0.3890625 0.253125 0.240625
2 0.6046875 0.37265625 0.22109375 0.2578125
3 0.8546875 0.378125 0.24921875 0.259375
3 0.1 0.65703125 0.2 0.2234375
3 0.3546875 0.63125 0.26875 0.265625
1 0.60625 0.62734375 0.221875 0.2390625
0 0.853125 0.63359375 0.22109375 0.2203125
2 0.10625 0.88828125 0.2125 0.2234375
1 0.33515625 0.88359375 0.2265625 0.2328125
4 0.5890625 0.86796875 0.23125 0.2640625
4 0.84296875 0.8703125 0.2421875 0.240625