0 0.115625 0.1609375 0.19140625 0.246875
0 0.40390625 0.65859375 0.2640625 0.27890625
0 0.65859375 0.6546875 0.2515625 0.271875
0 0.89453125 0.65703125 0.2109375 0.2671875
0 0.6640625 0.88671875 0.23125 0.2265625
1 0.35390625 0.15 0.2328125 0.27109375
1 0.85234375 0.1625 0.21171875 0.246875
1 0.3796875 0.3984375 0.24375 0.275
3 0.59765625 0.1625 0.2703125 0.275
3 0.86953125 0.4125 0.2109375 0.2375
2 0.13046875 0.3984375 0.22421875 0.24140625
2 0.1515625 0.65703125 0.18046875 0.2515625
2 0.16640625 0.88671875 0.2328125 0.2265625
2 0.4171875 0.8796875 0.23671875 0.23984375
4 0.62890625 0.40703125 0.2703125 0.2734375
4 0.90234375 0.8859375 0.1953125 0.228125