3 0.14375 0.11875 0.24921875 0.2375
3 0.38203125 0.11171875 0.1984375 0.2234375
3 0.1625 0.60859375 0.20546875 0.2515625
3 0.40703125 0.5984375 0.2265625 0.25625
3 0.1703125 0.84921875 0.240625 0.2828125
3 0.9078125 0.8265625 0.184375 0.23125
4 0.65 0.10859375 0.23515625 0.21640625
4 0.67734375 0.83515625 0.16796875 0.24609375
2 0.90234375 0.1 0.19296875 0.2
2 0.90234375 0.57421875 0.1953125 0.2609375
1 0.15703125 0.35 0.2359375 0.28671875
1 0.41015625 0.33984375 0.2453125 0.2578125
1 0.9015625 0.33125 0.19609375 0.2625
1 0.6625 0.5859375 0.18984375 0.25078125
1 0.41640625 0.84453125 0.20859375 0.2671875
0 0.66015625 0.3234375 0.26171875 0.271875