2 0.109375 0.165625 0.21796875 0.253125
3 0.3359375 0.1546875 0.25390625 0.25703125
1 0.59921875 0.146875 0.2453125 0.25
2 0.83984375 0.13984375 0.25234375 0.23046875
2 0.1109375 0.4140625 0.221875 0.25625
3 0.3390625 0.403125 0.23046875 0.265625
2 0.5921875 0.39765625 0.26953125 0.25703125
2 0.84375 0.39453125 0.25078125 0.25859375
2 0.1140625 0.66328125 0.215625 0.24140625
0 0.33828125 0.665625 0.2609375 0.27109375
2 0.6046875 0.6484375 0.23515625 0.23125
0 0.85546875 0.64453125 0.2359375 0.2484375
1 0.10859375 0.8890625 0.2171875 0.221875
3 0.35546875 0.89765625 0.2109375 0.2046875
0 0.61484375 0.884375 0.23671875 0.23046875
3 0.8453125 0.875 0.23359375 0.24921875