3 0.1421875 0.12109375 0.24375 0.23984375
3 0.37890625 0.14453125 0.1984375 0.25234375
3 0.09375 0.6109375 0.1875 0.26328125
3 0.31875 0.64375 0.221875 0.25390625
3 0.08203125 0.85234375 0.1640625 0.28203125
3 0.78515625 0.921875 0.2015625 0.15625
4 0.6453125 0.178125 0.228125 0.26171875
4 0.546875 0.896875 0.190625 0.20625
2 0.890625 0.2171875 0.21328125 0.2625
2 0.8171875 0.709375 0.19375 0.25078125
1 0.11953125 0.35703125 0.2390625 0.29765625
1 0.36484375 0.390625 0.26015625 0.271875
1 0.86328125 0.46953125 0.2078125 0.2515625
1 0.57109375 0.6765625 0.1984375 0.25703125
1 0.28828125 0.87421875 0.2296875 0.2515625
0 0.615625 0.41640625 0.28125 0.2890625