2 0.1125 0.15390625 0.221875 0.2828125
2 0.35078125 0.12421875 0.2453125 0.2484375
2 0.84765625 0.08828125 0.2359375 0.1765625
2 0.16328125 0.659375 0.21328125 0.26484375
1 0.5859375 0.10703125 0.18828125 0.21328125
1 0.13125 0.40234375 0.24375 0.29140625
1 0.62421875 0.33671875 0.2421875 0.28203125
1 0.4328125 0.84921875 0.24921875 0.2703125
1 0.6828125 0.825 0.225 0.278125
3 0.37578125 0.36640625 0.2578125 0.29296875
3 0.39921875 0.62109375 0.2140625 0.27265625
4 0.86875 0.29453125 0.25625 0.2765625
0 0.66328125 0.578125 0.2328125 0.27265625
0 0.903125 0.54453125 0.19296875 0.26640625
3 0.909375 0.79453125 0.18125 0.26640625