0 0.1359375 0.11640625 0.23984375 0.23203125
3 0.40234375 0.12734375 0.2390625 0.25390625
2 0.6390625 0.12265625 0.25 0.2453125
0 0.88203125 0.1296875 0.2359375 0.25859375
3 0.11953125 0.3515625 0.2390625 0.25
1 0.3765625 0.37265625 0.23671875 0.23984375
0 0.62421875 0.37265625 0.2609375 0.2734375
1 0.86875 0.3890625 0.23671875 0.24765625
2 0.11875 0.61171875 0.23671875 0.26015625
2 0.36328125 0.61328125 0.2609375 0.2609375
0 0.6109375 0.62578125 0.253125 0.27890625
2 0.853125 0.61953125 0.24296875 0.24921875
1 0.1015625 0.853125 0.203125 0.2625
0 0.34296875 0.85859375 0.2453125 0.26171875
4 0.6078125 0.86328125 0.27109375 0.2453125
1 0.8453125 0.8625 0.24921875 0.23359375