0 0.1046875 0.17890625 0.20859375 0.26953125
3 0.3359375 0.1703125 0.24921875 0.25
2 0.5734375 0.1421875 0.27109375 0.25234375
0 0.8265625 0.1453125 0.290625 0.240625
3 0.10390625 0.42109375 0.2078125 0.2640625
1 0.33046875 0.41640625 0.26171875 0.24921875
0 0.58046875 0.39296875 0.28671875 0.2828125
1 0.8265625 0.38671875 0.27265625 0.26640625
2 0.11015625 0.68125 0.2203125 0.2625
2 0.33671875 0.65625 0.3171875 0.29921875
0 0.58828125 0.6453125 0.2921875 0.296875
2 0.828125 0.61484375 0.2625 0.25859375
1 0.1078125 0.890625 0.215625 0.21875
0 0.33984375 0.878125 0.2859375 0.24296875
4 0.60625 0.87421875 0.30625 0.2515625
1 0.8265625 0.87265625 0.221875 0.2546875