4 0.140625 0.121875 0.20625 0.240625
4 0.56640625 0.890625 0.2140625 0.21875
3 0.38828125 0.14296875 0.25703125 0.26484375
3 0.63828125 0.1640625 0.21484375 0.25078125
3 0.8828125 0.18515625 0.234375 0.2734375
3 0.13515625 0.3609375 0.2265625 0.27421875
3 0.37734375 0.39453125 0.22734375 0.25078125
3 0.8640625 0.43984375 0.23515625 0.2546875
3 0.08671875 0.86640625 0.1734375 0.2515625
2 0.61484375 0.41015625 0.21796875 0.25546875
2 0.3390625 0.63359375 0.23515625 0.2578125
0 0.80859375 0.89765625 0.2359375 0.2046875
1 0.1078125 0.6109375 0.215625 0.253125
1 0.596875 0.65859375 0.23203125 0.2578125
1 0.83984375 0.6890625 0.25546875 0.25390625
1 0.325 0.87890625 0.228125 0.2421875