2 0.0890625 0.1515625 0.178125 0.26875
3 0.196875 0.20546875 0.06953125 0.1328125
4 0.34765625 0.159375 0.23671875 0.265625
3 0.5953125 0.16796875 0.25078125 0.26328125
1 0.8453125 0.18125 0.271875 0.26171875
2 0.1109375 0.40703125 0.221875 0.27578125
3 0.3453125 0.41015625 0.2625 0.2921875
3 0.60234375 0.4203125 0.2015625 0.24453125
1 0.84296875 0.4171875 0.2203125 0.26015625
4 0.1015625 0.66171875 0.20234375 0.25546875
3 0.3421875 0.665625 0.28046875 0.275
1 0.60078125 0.66953125 0.2390625 0.2578125
2 0.84609375 0.6734375 0.2484375 0.27890625
2 0.10625 0.8859375 0.2125 0.228125
4 0.34296875 0.88828125 0.2453125 0.2234375
1 0.6046875 0.89296875 0.24375 0.2140625
1 0.83359375 0.884375 0.2578125 0.23125