4 0.13671875 0.121875 0.2109375 0.23515625
4 0.403125 0.37265625 0.196875 0.24296875
4 0.65078125 0.39453125 0.20546875 0.22421875
4 0.89453125 0.39296875 0.2109375 0.25703125
4 0.16171875 0.625 0.23046875 0.25234375
4 0.66484375 0.63203125 0.2015625 0.20546875
3 0.38125 0.13046875 0.22890625 0.25390625
3 0.64453125 0.13828125 0.2109375 0.23984375
3 0.8890625 0.1421875 0.20625 0.23515625
3 0.159375 0.37421875 0.24609375 0.25703125
3 0.4078125 0.621875 0.24140625 0.25234375
3 0.89921875 0.8828125 0.2015625 0.234375
0 0.8953125 0.653125 0.209375 0.23671875
0 0.4140625 0.88515625 0.228125 0.22890625
0 0.6734375 0.884375 0.2 0.23125
1 0.1671875 0.875 0.221875 0.24609375