4 0.1625 0.11796875 0.21171875 0.2328125
4 0.671875 0.41328125 0.26640625 0.28671875
4 0.178125 0.60546875 0.27421875 0.29140625
1 0.4046875 0.14140625 0.25625 0.2609375
1 0.659375 0.17421875 0.203125 0.2359375
0 0.89453125 0.19140625 0.2109375 0.2546875
0 0.1578125 0.3609375 0.24453125 0.265625
0 0.4203125 0.38125 0.24140625 0.26484375
0 0.8953125 0.43671875 0.209375 0.2765625
0 0.1796875 0.85703125 0.23125 0.26171875
0 0.678125 0.89609375 0.203125 0.20703125
1 0.675 0.659375 0.2375 0.25546875
3 0.425 0.63671875 0.2375 0.25703125
2 0.90078125 0.68359375 0.19765625 0.2703125
2 0.43125 0.87890625 0.2375 0.2421875
2 0.90234375 0.89375 0.19453125 0.21171875