2 0.11796875 0.13359375 0.2328125 0.2671875
2 0.371875 0.11796875 0.2625 0.2359375
2 0.16015625 0.38515625 0.2328125 0.2703125
2 0.403125 0.35703125 0.23046875 0.26328125
2 0.72890625 0.80625 0.2453125 0.28828125
2 0.9265625 0.77578125 0.146875 0.2765625
4 0.6203125 0.10390625 0.24375 0.2078125
4 0.8625 0.08203125 0.228125 0.1640625
4 0.67890625 0.5671875 0.2453125 0.25546875
3 0.65 0.31796875 0.228125 0.24765625
3 0.21875 0.8734375 0.2375 0.246875
0 0.89765625 0.28359375 0.16484375 0.2328125
1 0.18046875 0.6375 0.2515625 0.284375
1 0.43828125 0.5984375 0.26328125 0.26484375
0 0.9203125 0.53671875 0.159375 0.2390625
1 0.465625 0.85078125 0.20625 0.24609375