2 0.15078125 0.1125 0.2359375 0.225
2 0.40703125 0.109375 0.2515625 0.21875
2 0.1671875 0.34765625 0.23984375 0.27578125
2 0.4109375 0.34765625 0.21015625 0.24921875
2 0.67890625 0.82578125 0.23671875 0.27265625
2 0.90703125 0.81875 0.1859375 0.24765625
4 0.66015625 0.1078125 0.2171875 0.215625
4 0.89296875 0.10625 0.21328125 0.2125
4 0.66015625 0.5875 0.24296875 0.253125
3 0.659375 0.3359375 0.225 0.24375
3 0.165625 0.85390625 0.21875 0.26015625
0 0.909375 0.3328125 0.175 0.23984375
1 0.15625 0.6 0.22890625 0.26875
1 0.415625 0.590625 0.24765625 0.25
0 0.909375 0.5890625 0.18125 0.246875
1 0.415625 0.84921875 0.21875 0.26015625