3 0.1546875 0.1109375 0.25625 0.221875
2 0.40078125 0.12734375 0.2328125 0.24765625
2 0.66640625 0.14765625 0.2578125 0.2765625
2 0.890625 0.178125 0.21875 0.28671875
1 0.159375 0.3546875 0.2625 0.290625
4 0.3890625 0.36796875 0.25625 0.2734375
0 0.6453125 0.4 0.24375 0.259375
0 0.8765625 0.4296875 0.246875 0.271875
0 0.11640625 0.6 0.2328125 0.25859375
2 0.35078125 0.625 0.2359375 0.24375
1 0.62109375 0.65546875 0.2359375 0.2546875
2 0.8625 0.6703125 0.246875 0.253125
3 0.10703125 0.85 0.2140625 0.25546875
3 0.33046875 0.875 0.2453125 0.25
1 0.5875 0.8796875 0.253125 0.23984375
0 0.84296875 0.8921875 0.2421875 0.21484375