2 0.15 0.1171875 0.22890625 0.234375
1 0.40390625 0.1140625 0.20703125 0.228125
1 0.640625 0.11171875 0.21328125 0.22265625
0 0.8796875 0.11796875 0.240625 0.23515625
0 0.128125 0.34375 0.25625 0.28203125
0 0.36640625 0.3359375 0.22421875 0.25546875
2 0.621875 0.34609375 0.30078125 0.3078125
3 0.8671875 0.3421875 0.24296875 0.26328125
3 0.11015625 0.596875 0.21953125 0.24765625
0 0.3484375 0.5953125 0.240625 0.24765625
2 0.5890625 0.59375 0.246875 0.23671875
2 0.84140625 0.58984375 0.2796875 0.2921875
0 0.10234375 0.84609375 0.2046875 0.27109375
1 0.31875 0.8453125 0.24921875 0.26875
0 0.571875 0.840625 0.26875 0.25234375
3 0.815625 0.81640625 0.28046875 0.2671875