3 0.1390625 0.12265625 0.26015625 0.2453125
2 0.4140625 0.12578125 0.25234375 0.2484375
2 0.6484375 0.14609375 0.24375 0.2796875
2 0.8890625 0.1875 0.21640625 0.196875
2 0.13359375 0.36171875 0.26015625 0.2578125
1 0.37578125 0.38125 0.19921875 0.24609375
2 0.6234375 0.39375 0.23125 0.234375
3 0.8734375 0.41875 0.234375 0.26875
0 0.0984375 0.60625 0.196875 0.253125
2 0.3484375 0.621875 0.225 0.234375
1 0.5890625 0.65234375 0.275 0.2359375
0 0.83125 0.6640625 0.21015625 0.2375
3 0.0890625 0.8484375 0.178125 0.265625
2 0.315625 0.86640625 0.246875 0.2671875
3 0.559375 0.871875 0.2625 0.25625
2 0.821875 0.890625 0.2375 0.21875