3 0.1140625 0.13515625 0.228125 0.2703125
2 0.37734375 0.11640625 0.2296875 0.2328125
2 0.61328125 0.128125 0.2578125 0.25546875
2 0.8578125 0.12421875 0.221875 0.1984375
2 0.11796875 0.38828125 0.2359375 0.24609375
1 0.35546875 0.37890625 0.2078125 0.25078125
2 0.60390625 0.3609375 0.21328125 0.21484375
3 0.85859375 0.35390625 0.2234375 0.2515625
0 0.096875 0.63515625 0.19375 0.2609375
2 0.33984375 0.61953125 0.22421875 0.2328125
1 0.5828125 0.6203125 0.27578125 0.234375
0 0.82578125 0.60234375 0.1890625 0.22109375
3 0.08984375 0.87421875 0.1796875 0.2515625
2 0.3203125 0.865625 0.228125 0.253125
3 0.56484375 0.85234375 0.24765625 0.26484375
2 0.83125 0.8453125 0.234375 0.253125