3 0.11484375 0.1421875 0.2296875 0.265625
2 0.3421875 0.12890625 0.228125 0.24609375
4 0.5984375 0.11796875 0.265625 0.23515625
3 0.840625 0.1078125 0.21875 0.21484375
2 0.10546875 0.38359375 0.2109375 0.2578125
1 0.34609375 0.3828125 0.2171875 0.25
3 0.6 0.359375 0.2375 0.24453125
4 0.8453125 0.3375 0.20703125 0.234375
3 0.10078125 0.63984375 0.20078125 0.24921875
0 0.33828125 0.6265625 0.2203125 0.25078125
3 0.58671875 0.603125 0.22109375 0.23828125
4 0.83984375 0.59921875 0.24921875 0.23515625
2 0.09609375 0.88359375 0.1921875 0.2296875
2 0.33359375 0.87734375 0.24296875 0.23515625
1 0.58828125 0.8671875 0.20078125 0.240625
2 0.83046875 0.84140625 0.2359375 0.24921875