3 0.11484375 0.134375 0.2296875 0.25703125
2 0.36015625 0.1234375 0.2078125 0.24609375
4 0.6140625 0.11015625 0.228125 0.21953125
3 0.85546875 0.10625 0.2046875 0.2125
2 0.12265625 0.3765625 0.1984375 0.24296875
1 0.37578125 0.37578125 0.1828125 0.24296875
3 0.628125 0.35390625 0.209375 0.2359375
4 0.8734375 0.33359375 0.2 0.24453125
3 0.128125 0.6328125 0.215625 0.253125
0 0.38046875 0.6203125 0.1953125 0.24609375
3 0.62734375 0.596875 0.1984375 0.23359375
4 0.88203125 0.59375 0.2296875 0.23515625
2 0.1359375 0.87734375 0.221875 0.2421875
2 0.3890625 0.86953125 0.2375 0.24609375
1 0.6421875 0.859375 0.19375 0.24609375
2 0.884375 0.8375 0.19375 0.23046875