4 0.15078125 0.11875 0.24453125 0.2375
1 0.403125 0.1140625 0.21171875 0.228125
1 0.64765625 0.115625 0.2234375 0.23125
4 0.88828125 0.1203125 0.2234375 0.23984375
2 0.12421875 0.34140625 0.2265625 0.26796875
2 0.37421875 0.35 0.2390625 0.278125
1 0.62109375 0.3515625 0.2546875 0.28828125
1 0.88515625 0.36015625 0.2140625 0.2765625
0 0.10078125 0.60390625 0.18671875 0.2390625
0 0.35234375 0.58984375 0.2109375 0.2734375
0 0.59921875 0.61015625 0.19453125 0.24921875
0 0.84453125 0.609375 0.19921875 0.24453125
0 0.09765625 0.84296875 0.1953125 0.2734375
1 0.31640625 0.84609375 0.2234375 0.27734375
3 0.5625 0.8546875 0.21953125 0.240625
2 0.82421875 0.8421875 0.23671875 0.240625