4 0.11875 0.165625 0.23359375 0.275
1 0.3609375 0.16328125 0.246875 0.28046875
1 0.6046875 0.165625 0.24453125 0.26328125
4 0.85546875 0.17734375 0.2671875 0.25546875
2 0.13828125 0.4078125 0.2484375 0.28515625
2 0.3859375 0.41328125 0.246875 0.28046875
1 0.63359375 0.41171875 0.23828125 0.2703125
1 0.89140625 0.415625 0.2171875 0.2875
0 0.16875 0.67109375 0.18984375 0.2421875
0 0.41640625 0.6546875 0.2328125 0.290625
0 0.6640625 0.67109375 0.203125 0.25390625
0 0.90234375 0.66484375 0.1953125 0.2515625
0 0.196875 0.890625 0.21953125 0.21875
1 0.43359375 0.88828125 0.2109375 0.2234375
3 0.68359375 0.896875 0.2203125 0.20546875
2 0.9125 0.8890625 0.17421875 0.221875