1 0.1515625 0.1125 0.24140625 0.225
0 0.40546875 0.115625 0.26015625 0.23046875
3 0.64921875 0.12578125 0.2359375 0.2515625
2 0.89375 0.12890625 0.21171875 0.2578125
1 0.12734375 0.34453125 0.2546875 0.28515625
3 0.3734375 0.340625 0.25625 0.28828125
1 0.6296875 0.36640625 0.25 0.2859375
2 0.88125 0.36484375 0.225 0.28046875
2 0.109375 0.5859375 0.21875 0.28671875
2 0.34375 0.60625 0.25 0.29375
1 0.6 0.60390625 0.228125 0.28671875
4 0.8546875 0.60625 0.24375 0.271875
3 0.1140625 0.834375 0.22734375 0.284375
0 0.33203125 0.85625 0.23203125 0.25546875
1 0.56484375 0.84296875 0.24140625 0.2640625
2 0.81953125 0.8484375 0.2328125 0.22734375