2 0.10234375 0.165625 0.2046875 0.26875
0 0.3390625 0.159375 0.240625 0.265625
4 0.60234375 0.15078125 0.1671875 0.24765625
0 0.8375 0.1578125 0.2125 0.2375
3 0.121875 0.4140625 0.221875 0.27890625
2 0.353125 0.4125 0.246875 0.259375
0 0.61171875 0.3984375 0.2578125 0.28984375
0 0.85703125 0.38671875 0.2453125 0.2859375
2 0.1265625 0.66640625 0.23125 0.27265625
4 0.371875 0.6546875 0.23125 0.27421875
3 0.628125 0.64921875 0.2625 0.2859375
0 0.88125 0.64453125 0.23125 0.26015625
4 0.14765625 0.88828125 0.2046875 0.2234375
2 0.4015625 0.8921875 0.25 0.21484375
0 0.66015625 0.87734375 0.2171875 0.2453125
0 0.89296875 0.88046875 0.2046875 0.2390625