2 0.10859375 0.16015625 0.2171875 0.2703125
4 0.34140625 0.14765625 0.2203125 0.25078125
4 0.58671875 0.1484375 0.2328125 0.253125
4 0.84609375 0.15 0.22890625 0.24609375
0 0.1078125 0.41328125 0.21484375 0.2546875
1 0.33828125 0.40078125 0.2296875 0.27265625
2 0.5875 0.4015625 0.27734375 0.271875
2 0.8453125 0.3875 0.275 0.28046875
1 0.1109375 0.65859375 0.221875 0.2609375
2 0.34140625 0.63984375 0.2515625 0.2484375
4 0.59296875 0.6390625 0.28046875 0.284375
0 0.84609375 0.61953125 0.2453125 0.2765625
3 0.10703125 0.8875 0.2140625 0.225
0 0.328125 0.884375 0.246875 0.23125
2 0.584375 0.875 0.25 0.24921875
2 0.82734375 0.8875 0.23984375 0.22421875