2 0.125 0.12890625 0.221875 0.24765625
0 0.37421875 0.1234375 0.2453125 0.246875
4 0.63671875 0.11328125 0.1734375 0.2265625
0 0.8734375 0.109375 0.209375 0.21875
3 0.15390625 0.378125 0.2046875 0.25078125
2 0.38515625 0.3703125 0.2484375 0.24375
0 0.64453125 0.35234375 0.2609375 0.27421875
0 0.88984375 0.3375 0.2203125 0.253125
2 0.15703125 0.6296875 0.20703125 0.23828125
4 0.403125 0.61171875 0.23515625 0.2609375
3 0.6609375 0.60234375 0.25859375 0.26484375
0 0.89609375 0.59375 0.2078125 0.25625
4 0.175 0.8703125 0.21953125 0.25859375
2 0.4328125 0.8703125 0.25546875 0.24140625
0 0.6890625 0.8484375 0.21796875 0.26484375
0 0.91015625 0.84296875 0.1796875 0.2515625