2 0.13984375 0.13046875 0.2359375 0.2546875
3 0.390625 0.1578125 0.23125 0.234375
2 0.6390625 0.17734375 0.21875 0.2546875
4 0.8875 0.1984375 0.225 0.25625
4 0.14765625 0.38046875 0.17109375 0.2640625
4 0.39921875 0.40078125 0.22890625 0.27578125
2 0.64921875 0.4234375 0.2109375 0.253125
1 0.90234375 0.44453125 0.1859375 0.25390625
0 0.153125 0.6328125 0.2375 0.25625
0 0.40625 0.64765625 0.28828125 0.2984375
4 0.6640625 0.67265625 0.21875 0.2515625
3 0.89921875 0.68125 0.2015625 0.24375
3 0.16796875 0.86953125 0.24765625 0.2609375
4 0.41640625 0.88515625 0.2046875 0.2296875
1 0.659375 0.89296875 0.23515625 0.21328125
2 0.9015625 0.90546875 0.196875 0.1890625