1 0.140625 0.121875 0.26328125 0.24296875
0 0.384375 0.140625 0.225 0.265625
2 0.640625 0.1578125 0.275 0.284375
1 0.8859375 0.1859375 0.22734375 0.25625
1 0.12265625 0.34765625 0.2453125 0.27109375
0 0.36875 0.384375 0.22421875 0.253125
0 0.6234375 0.41015625 0.25625 0.26640625
3 0.85703125 0.4359375 0.26484375 0.253125
4 0.11328125 0.6109375 0.2265625 0.271875
0 0.33984375 0.63515625 0.26640625 0.2640625
3 0.59609375 0.66328125 0.23359375 0.2515625
3 0.8375 0.69140625 0.25625 0.23515625
3 0.0921875 0.86015625 0.18359375 0.2515625
2 0.31328125 0.875 0.2640625 0.25
2 0.5828125 0.8875 0.26875 0.225
0 0.81640625 0.89765625 0.2140625 0.2046875