2 0.12578125 0.125 0.2421875 0.25
3 0.378125 0.13984375 0.240625 0.23671875
2 0.62578125 0.1484375 0.22421875 0.253125
4 0.875 0.15703125 0.22578125 0.2453125
4 0.11015625 0.3734375 0.17265625 0.26015625
4 0.3625 0.38203125 0.23125 0.27109375
2 0.61171875 0.39296875 0.20859375 0.2453125
1 0.86484375 0.40390625 0.18671875 0.24765625
0 0.103125 0.62734375 0.20625 0.24296875
0 0.3453125 0.63046875 0.275 0.2765625
4 0.60078125 0.64453125 0.2140625 0.2421875
3 0.85234375 0.640625 0.2359375 0.24140625
3 0.09921875 0.87109375 0.19765625 0.2578125
4 0.33046875 0.8765625 0.21328125 0.24609375
1 0.5734375 0.878125 0.24296875 0.24296875
2 0.82578125 0.88671875 0.21796875 0.22578125