1 0.12265625 0.1296875 0.2453125 0.259375
0 0.3609375 0.140625 0.20703125 0.2625
2 0.6171875 0.153125 0.26484375 0.27109375
1 0.86171875 0.1703125 0.23984375 0.259375
1 0.11015625 0.36875 0.2203125 0.25625
0 0.35 0.39296875 0.22109375 0.24453125
0 0.60625 0.40546875 0.23984375 0.2453125
3 0.84375 0.421875 0.275 0.25
4 0.10703125 0.63359375 0.21328125 0.26953125
0 0.32421875 0.64453125 0.2671875 0.25703125
3 0.58203125 0.6609375 0.2109375 0.22890625
3 0.82421875 0.6765625 0.25390625 0.22578125
3 0.0828125 0.88203125 0.165625 0.2359375
2 0.30078125 0.8859375 0.2484375 0.228125
2 0.57109375 0.88828125 0.2734375 0.22265625
0 0.80546875 0.89453125 0.20390625 0.21015625