4 0.11796875 0.16328125 0.2359375 0.2765625
2 0.35859375 0.1625 0.2234375 0.26484375
4 0.59921875 0.16328125 0.22578125 0.24453125
0 0.86953125 0.1828125 0.16640625 0.23671875
3 0.11640625 0.4109375 0.2265625 0.26484375
4 0.359375 0.41953125 0.18359375 0.24609375
3 0.6109375 0.41953125 0.225 0.28828125
1 0.8609375 0.42734375 0.228125 0.2796875
3 0.12421875 0.6546875 0.2203125 0.26640625
1 0.36796875 0.6640625 0.14765625 0.23984375
0 0.62109375 0.66640625 0.2296875 0.2703125
2 0.86953125 0.68671875 0.17265625 0.2390625
1 0.140625 0.88359375 0.2125 0.23203125
4 0.39140625 0.890625 0.2265625 0.21875
3 0.64609375 0.9 0.1859375 0.2
0 0.88359375 0.89609375 0.2171875 0.2078125