4 0.12578125 0.14375 0.23671875 0.26796875
2 0.365625 0.1171875 0.23203125 0.234375
4 0.60546875 0.08984375 0.2234375 0.1796875
0 0.87734375 0.08046875 0.1953125 0.1609375
3 0.13984375 0.390625 0.24453125 0.275
4 0.38203125 0.3578125 0.1921875 0.246875
3 0.6328125 0.31484375 0.23125 0.2859375
1 0.87890625 0.28125 0.2421875 0.2875
3 0.16171875 0.63359375 0.2078125 0.2515625
1 0.4046875 0.6 0.15625 0.240625
0 0.65703125 0.56015625 0.23046875 0.2640625
2 0.9046875 0.53828125 0.17734375 0.23984375
1 0.19140625 0.8671875 0.2265625 0.259375
4 0.4421875 0.84296875 0.23125 0.26171875
3 0.696875 0.8140625 0.17734375 0.23828125
0 0.91171875 0.78046875 0.1765625 0.2703125