4 0.1609375 0.10625 0.196875 0.2125
4 0.1265625 0.33359375 0.25234375 0.2765625
4 0.8609375 0.371875 0.24375 0.28359375
4 0.103125 0.57890625 0.20625 0.2953125
4 0.5671875 0.603125 0.234375 0.275
4 0.0828125 0.82890625 0.165625 0.27890625
4 0.28359375 0.85 0.1921875 0.25546875
3 0.4078125 0.115625 0.24453125 0.23125
3 0.65078125 0.121875 0.2484375 0.24375
2 0.89140625 0.12265625 0.21328125 0.2453125
2 0.36484375 0.3453125 0.2859375 0.278125
2 0.53671875 0.86171875 0.2015625 0.2203125
0 0.61484375 0.3546875 0.2453125 0.27734375
0 0.775 0.840625 0.22890625 0.234375
1 0.34140625 0.59140625 0.23828125 0.27421875
1 0.8234375 0.61640625 0.21484375 0.24140625