3 0.11484375 0.1515625 0.2296875 0.26328125
3 0.3484375 0.16171875 0.253125 0.28984375
1 0.6015625 0.159375 0.25 0.253125
2 0.85234375 0.175 0.2453125 0.246875
3 0.11015625 0.40390625 0.2203125 0.2890625
0 0.36875 0.4125 0.265625 0.296875
3 0.61640625 0.4109375 0.2453125 0.265625
2 0.8640625 0.41484375 0.26875 0.2890625
2 0.13046875 0.6625 0.2515625 0.2875
2 0.875 0.67109375 0.24375 0.2578125
2 0.13671875 0.87421875 0.2578125 0.2515625
2 0.38125 0.890625 0.2125 0.21875
1 0.37734375 0.65859375 0.2609375 0.27265625
0 0.62734375 0.66640625 0.2453125 0.2609375
0 0.63671875 0.89765625 0.2328125 0.2046875
3 0.8859375 0.89140625 0.21875 0.2171875