3 0.121875 0.13671875 0.24375 0.2609375
3 0.3546875 0.13125 0.24375 0.26171875
1 0.60703125 0.1171875 0.25078125 0.234375
2 0.8578125 0.11328125 0.23671875 0.2265625
3 0.109375 0.38828125 0.21875 0.2734375
0 0.365625 0.3828125 0.240625 0.253125
3 0.61328125 0.36640625 0.2546875 0.2546875
2 0.859375 0.35625 0.271875 0.271875
2 0.12265625 0.646875 0.2453125 0.26875
2 0.8671875 0.6109375 0.24296875 0.240625
2 0.125 0.87109375 0.24921875 0.2578125
2 0.36484375 0.875 0.22578125 0.246875
1 0.3671875 0.628125 0.265625 0.25625
0 0.61875 0.621875 0.23046875 0.228125
0 0.6203125 0.8734375 0.22578125 0.225
3 0.8703125 0.84609375 0.21796875 0.2296875