0 0.1703125 0.1140625 0.253125 0.228125
1 0.41953125 0.12109375 0.23046875 0.2390625
2 0.66953125 0.14296875 0.23203125 0.2421875
2 0.9015625 0.1765625 0.19609375 0.24921875
1 0.1625 0.3546875 0.24375 0.25
0 0.41796875 0.36640625 0.2296875 0.2484375
0 0.6640625 0.4 0.25390625 0.259375
1 0.90859375 0.425 0.1828125 0.24296875
3 0.171875 0.6 0.26640625 0.259375
4 0.41875 0.615625 0.253125 0.253125
4 0.66015625 0.6453125 0.2546875 0.253125
0 0.89375 0.66171875 0.2125 0.2765625
2 0.16953125 0.834375 0.22578125 0.28125
1 0.41484375 0.86953125 0.23671875 0.2578125
1 0.65625 0.87421875 0.28125 0.2515625
1 0.8890625 0.88828125 0.221875 0.2234375