1 0.11015625 0.15234375 0.21953125 0.2890625
1 0.33671875 0.13359375 0.2890625 0.2671875
4 0.58671875 0.11484375 0.2921875 0.2296875
0 0.8375 0.09140625 0.278125 0.1828125
3 0.11875 0.3953125 0.2375 0.290625
1 0.3546875 0.3625 0.284375 0.30390625
2 0.60546875 0.3296875 0.2859375 0.29609375
0 0.859375 0.2796875 0.26171875 0.26328125
2 0.12734375 0.6515625 0.25390625 0.2875
0 0.3734375 0.5953125 0.27421875 0.265625
3 0.62109375 0.57109375 0.2640625 0.28828125
0 0.86796875 0.53203125 0.24140625 0.26015625
0 0.13203125 0.88125 0.2578125 0.23203125
2 0.3921875 0.85390625 0.25703125 0.25234375
4 0.64140625 0.82578125 0.23828125 0.26484375
2 0.8703125 0.784375 0.225 0.271875