2 0.11953125 0.128125 0.2390625 0.25625
2 0.37109375 0.11953125 0.24296875 0.2390625
3 0.62109375 0.10859375 0.2671875 0.2171875
1 0.8859375 0.0984375 0.20625 0.196875
0 0.121875 0.36328125 0.24375 0.26953125
3 0.3578125 0.35234375 0.234375 0.2578125
3 0.5984375 0.340625 0.21171875 0.246875
3 0.8484375 0.32421875 0.24375 0.25546875
3 0.1140625 0.60859375 0.228125 0.29453125
3 0.340625 0.59140625 0.26328125 0.2640625
2 0.59765625 0.58671875 0.22265625 0.24140625
3 0.8296875 0.58125 0.2375 0.259375
1 0.09140625 0.8609375 0.1828125 0.265625
2 0.3046875 0.853125 0.215625 0.26015625
4 0.57265625 0.8421875 0.2515625 0.25234375
0 0.81484375 0.82265625 0.2296875 0.2578125