0 0.109375 0.15234375 0.21796875 0.2765625
4 0.34609375 0.1640625 0.21796875 0.24921875
0 0.60234375 0.165625 0.23203125 0.259375
2 0.846875 0.171875 0.20390625 0.246875
2 0.10859375 0.4 0.2171875 0.265625
0 0.36015625 0.41640625 0.24140625 0.26328125
2 0.61328125 0.41640625 0.2109375 0.23984375
4 0.865625 0.4234375 0.21484375 0.25859375
1 0.109375 0.6515625 0.21875 0.2625
3 0.36484375 0.66171875 0.2296875 0.2765625
4 0.61796875 0.65703125 0.19140625 0.25703125
1 0.86640625 0.6609375 0.23828125 0.26015625
2 0.128125 0.88125 0.234375 0.2375
0 0.37109375 0.89375 0.20546875 0.2125
0 0.61953125 0.89296875 0.2296875 0.2140625
2 0.8625 0.8859375 0.21875 0.228125