0 0.11640625 0.1265625 0.2328125 0.253125
4 0.3609375 0.128125 0.22734375 0.24140625
0 0.61640625 0.121875 0.2109375 0.221875
2 0.86171875 0.1171875 0.19921875 0.234375
2 0.09921875 0.371875 0.19765625 0.225
0 0.353125 0.3796875 0.23671875 0.24140625
2 0.60703125 0.3734375 0.2109375 0.221875
4 0.85703125 0.3703125 0.2171875 0.24453125
1 0.09140625 0.621875 0.1828125 0.234375
3 0.3359375 0.62421875 0.22578125 0.25546875
4 0.590625 0.6125 0.18984375 0.240625
1 0.840625 0.609375 0.23671875 0.23828125
2 0.09296875 0.87265625 0.1859375 0.2515625
0 0.3203125 0.87890625 0.18828125 0.2328125
0 0.56796875 0.86796875 0.2390625 0.24609375
2 0.8125 0.85234375 0.2375 0.26796875