2 0.1046875 0.165625 0.209375 0.259375
2 0.3390625 0.1375 0.25078125 0.25859375
3 0.58828125 0.11875 0.2796875 0.2375
1 0.8515625 0.10625 0.234375 0.21171875
0 0.11484375 0.40078125 0.22890625 0.2578125
3 0.34453125 0.38203125 0.2578125 0.26640625
3 0.5859375 0.35859375 0.23515625 0.25546875
3 0.8375 0.3328125 0.253125 0.25234375
3 0.12109375 0.64765625 0.2421875 0.2953125
3 0.34765625 0.6203125 0.27109375 0.259375
2 0.6046875 0.603125 0.22578125 0.23203125
3 0.8390625 0.58984375 0.23125 0.24296875
1 0.11015625 0.88125 0.21953125 0.23671875
2 0.33203125 0.86953125 0.2453125 0.25078125
4 0.60078125 0.86171875 0.26171875 0.25390625
0 0.8421875 0.8359375 0.22265625 0.25703125