0 0.13671875 0.12578125 0.2546875 0.25078125
2 0.3828125 0.12734375 0.20546875 0.2296875
3 0.63203125 0.153125 0.2390625 0.25390625
4 0.88203125 0.17421875 0.23515625 0.23984375
3 0.12578125 0.36953125 0.25078125 0.26015625
1 0.3734375 0.390625 0.246875 0.25859375
4 0.63515625 0.41171875 0.2328125 0.25859375
4 0.8765625 0.4203125 0.225 0.246875
0 0.12109375 0.62578125 0.2328125 0.24609375
2 0.37734375 0.64453125 0.2359375 0.24609375
2 0.609375 0.6625 0.215625 0.25
0 0.865625 0.6734375 0.253125 0.25234375
4 0.103125 0.86875 0.20625 0.25625
2 0.35390625 0.884375 0.2171875 0.23046875
2 0.60859375 0.8875 0.2265625 0.22421875
4 0.8515625 0.89453125 0.2625 0.2109375