0 0.1265625 0.13046875 0.253125 0.2609375
2 0.3671875 0.12578125 0.190625 0.2109375
3 0.615625 0.14140625 0.23515625 0.24453125
4 0.87109375 0.1515625 0.2234375 0.21328125
3 0.115625 0.38046875 0.23125 0.23515625
1 0.36328125 0.39140625 0.25078125 0.25390625
4 0.62421875 0.4 0.21484375 0.23828125
4 0.865625 0.396875 0.2125 0.23203125
0 0.1140625 0.63671875 0.228125 0.2359375
2 0.3703125 0.64375 0.225 0.22890625
2 0.60234375 0.6515625 0.1890625 0.221875
0 0.85625 0.6484375 0.25859375 0.25625
4 0.103125 0.87734375 0.20625 0.2453125
2 0.35 0.88515625 0.22265625 0.2296875
2 0.6046875 0.88671875 0.215625 0.2265625
4 0.84921875 0.8890625 0.24921875 0.22109375