2 0.1375 0.13671875 0.19375 0.2453125
1 0.371875 0.125 0.23125 0.25
0 0.61015625 0.09765625 0.21015625 0.1953125
3 0.86328125 0.103125 0.2390625 0.20625
0 0.1390625 0.38515625 0.246875 0.2734375
1 0.3921875 0.36640625 0.19375 0.2359375
3 0.6359375 0.33828125 0.18828125 0.25078125
0 0.89453125 0.3140625 0.18515625 0.26171875
1 0.1578125 0.63046875 0.19921875 0.2640625
2 0.40078125 0.6140625 0.22578125 0.265625
4 0.64375 0.59140625 0.234375 0.24609375
1 0.89140625 0.5609375 0.2171875 0.27578125
2 0.16796875 0.87109375 0.25234375 0.2546875
4 0.4140625 0.86015625 0.21640625 0.24765625
1 0.66953125 0.83046875 0.2046875 0.27421875
0 0.896875 0.815625 0.20625 0.2625