3 0.14453125 0.1125 0.23515625 0.225
2 0.39140625 0.11796875 0.2359375 0.2359375
0 0.6421875 0.12265625 0.225 0.2453125
1 0.87421875 0.11875 0.2484375 0.2375
1 0.11875 0.346875 0.2375 0.265625
1 0.3578125 0.3515625 0.259375 0.25703125
2 0.6078125 0.36640625 0.25625 0.2734375
0 0.853125 0.35546875 0.24609375 0.2390625
2 0.1078125 0.59921875 0.215625 0.2546875
2 0.33515625 0.61015625 0.2796875 0.2734375
2 0.79921875 0.8515625 0.25234375 0.228125
1 0.58125 0.6140625 0.25703125 0.26328125
4 0.83203125 0.625 0.25390625 0.26875
3 0.096875 0.85078125 0.19375 0.2609375
4 0.30546875 0.8515625 0.2453125 0.271875
1 0.55 0.85 0.271875 0.25546875