0 0.15234375 0.11953125 0.21953125 0.23203125
1 0.4078125 0.14140625 0.21484375 0.24921875
0 0.659375 0.178125 0.2375 0.25625
3 0.9015625 0.21015625 0.196875 0.2546875
1 0.1671875 0.3546875 0.23046875 0.271875
1 0.41328125 0.38984375 0.24296875 0.26796875
0 0.65859375 0.42265625 0.22265625 0.25390625
3 0.9 0.4546875 0.2 0.259375
2 0.159375 0.60859375 0.24296875 0.27421875
2 0.4171875 0.64140625 0.26015625 0.2703125
4 0.6578125 0.6703125 0.22734375 0.253125
0 0.90703125 0.703125 0.1859375 0.25
3 0.1671875 0.85859375 0.221875 0.23828125
1 0.41328125 0.8765625 0.2296875 0.246875
0 0.66015625 0.88359375 0.27890625 0.23203125
0 0.89296875 0.90703125 0.21328125 0.1859375