0 0.13671875 0.1125 0.2015625 0.225
1 0.3921875 0.11484375 0.19375 0.22890625
0 0.6421875 0.121875 0.215625 0.24296875
3 0.9 0.12421875 0.190625 0.23515625
1 0.1375 0.35 0.20625 0.2625
1 0.3828125 0.359375 0.20625 0.246875
0 0.62734375 0.365625 0.2078125 0.25
3 0.88515625 0.3703125 0.2203125 0.25625
2 0.115625 0.6046875 0.20625 0.253125
2 0.37421875 0.61171875 0.2390625 0.26171875
4 0.61328125 0.61484375 0.2234375 0.2578125
0 0.8703125 0.6203125 0.20625 0.259375
3 0.109375 0.85546875 0.21875 0.2484375
1 0.353125 0.8609375 0.2 0.25859375
0 0.5984375 0.8515625 0.25625 0.26875
0 0.84921875 0.8625 0.2078125 0.23125