3 0.1390625 0.12265625 0.240625 0.2453125
2 0.38828125 0.11953125 0.2296875 0.2390625
0 0.63984375 0.11640625 0.21484375 0.2328125
1 0.8734375 0.10703125 0.24140625 0.2140625
1 0.15390625 0.36640625 0.2328125 0.25546875
1 0.39453125 0.35859375 0.24609375 0.2390625
2 0.64765625 0.3609375 0.24609375 0.2625
0 0.89140625 0.33671875 0.2171875 0.2078125
2 0.16328125 0.61953125 0.2421875 0.2328125
2 0.41484375 0.615625 0.25078125 0.24375
2 0.90234375 0.8453125 0.1953125 0.240625
1 0.6640625 0.60859375 0.23984375 0.24453125
4 0.896875 0.60546875 0.20625 0.2578125
3 0.17578125 0.87421875 0.25546875 0.2421875
4 0.42578125 0.85703125 0.2328125 0.25859375
1 0.67265625 0.8515625 0.2578125 0.25