1 0.11015625 0.14609375 0.2203125 0.2484375
2 0.35 0.14140625 0.259375 0.2484375
0 0.57578125 0.1375 0.1828125 0.23046875
3 0.84765625 0.121875 0.23046875 0.234375
4 0.1015625 0.39765625 0.20234375 0.2421875
4 0.33359375 0.38671875 0.2578125 0.2453125
3 0.590625 0.3734375 0.24375 0.253125
1 0.8390625 0.3625 0.25546875 0.2625
1 0.10078125 0.64453125 0.2015625 0.2640625
0 0.3296875 0.63203125 0.209375 0.23203125
4 0.5859375 0.628125 0.24375 0.25
0 0.83203125 0.61640625 0.25546875 0.2578125
2 0.08984375 0.8890625 0.1796875 0.221875
3 0.31875 0.8875 0.23125 0.225
0 0.57890625 0.88046875 0.2203125 0.2390625
1 0.82890625 0.86015625 0.23203125 0.2609375