2 0.13515625 0.1203125 0.2140625 0.23984375
2 0.403125 0.121875 0.20625 0.24375
2 0.63203125 0.121875 0.2234375 0.24375
1 0.8875 0.12265625 0.20546875 0.2265625
1 0.12734375 0.3625 0.22265625 0.23203125
3 0.37265625 0.37265625 0.20078125 0.2390625
3 0.628125 0.3578125 0.2375 0.25390625
2 0.87578125 0.3734375 0.21640625 0.234375
0 0.10546875 0.60703125 0.18515625 0.23203125
1 0.365625 0.628125 0.19921875 0.2375
0 0.61953125 0.62265625 0.21015625 0.2296875
0 0.86484375 0.62265625 0.21640625 0.2296875
1 0.103125 0.86171875 0.20546875 0.2578125
4 0.346875 0.86875 0.228125 0.25078125
2 0.58515625 0.87578125 0.18828125 0.2265625
4 0.84375 0.8609375 0.2 0.24375