2 0.11953125 0.11640625 0.22109375 0.23203125
3 0.378125 0.1140625 0.25 0.228125
0 0.62578125 0.10546875 0.2109375 0.2109375
2 0.88203125 0.10234375 0.2328125 0.2046875
4 0.11640625 0.35546875 0.2328125 0.2765625
2 0.3421875 0.346875 0.20234375 0.25234375
3 0.59765625 0.33203125 0.2359375 0.26484375
3 0.85390625 0.31796875 0.24765625 0.2765625
4 0.10546875 0.6 0.21015625 0.28984375
3 0.3140625 0.5859375 0.21640625 0.26953125
1 0.578125 0.59140625 0.275 0.26796875
4 0.8296875 0.56796875 0.25078125 0.2734375
4 0.07265625 0.8625 0.1453125 0.253125
4 0.29609375 0.83828125 0.2578125 0.28359375
3 0.5421875 0.8359375 0.22578125 0.246875
1 0.80234375 0.8125 0.19921875 0.24921875