2 0.134375 0.109375 0.209375 0.21796875
3 0.39296875 0.11328125 0.2359375 0.2265625
0 0.6390625 0.115625 0.20703125 0.23046875
2 0.88515625 0.12421875 0.22578125 0.24765625
4 0.12109375 0.346875 0.23671875 0.26640625
2 0.35078125 0.35234375 0.2078125 0.25234375
3 0.60625 0.35546875 0.24921875 0.2734375
3 0.86171875 0.3578125 0.23984375 0.26484375
4 0.1078125 0.590625 0.215625 0.2875
3 0.3171875 0.59140625 0.21328125 0.26328125
1 0.58046875 0.61328125 0.2609375 0.24921875
4 0.83203125 0.60703125 0.24296875 0.26328125
4 0.0703125 0.853125 0.140625 0.246875
4 0.29375 0.84453125 0.25625 0.2828125
3 0.5390625 0.8546875 0.23359375 0.24140625
1 0.79921875 0.8390625 0.22578125 0.24375