3 0.11640625 0.15 0.2328125 0.259375
4 0.35703125 0.1484375 0.18359375 0.25703125
3 0.609375 0.1625 0.24140625 0.26484375
2 0.85703125 0.1703125 0.2015625 0.25
3 0.10859375 0.396875 0.2171875 0.26640625
0 0.346875 0.41328125 0.20390625 0.2328125
3 0.59921875 0.409375 0.2546875 0.275
0 0.846875 0.415625 0.271875 0.28671875
0 0.10078125 0.646875 0.2015625 0.24921875
0 0.34140625 0.6609375 0.2609375 0.25390625
3 0.596875 0.65859375 0.23046875 0.2421875
1 0.85234375 0.67265625 0.2390625 0.25234375
2 0.10234375 0.8796875 0.20390625 0.23984375
4 0.3375 0.8921875 0.221875 0.21484375
3 0.58203125 0.890625 0.2546875 0.21875
1 0.8453125 0.8921875 0.225 0.215625