0 0.1578125 0.11796875 0.27421875 0.23203125
1 0.3984375 0.1390625 0.27265625 0.26171875
1 0.6484375 0.15859375 0.259375 0.27734375
3 0.871875 0.1921875 0.25234375 0.284375
4 0.115625 0.34609375 0.23046875 0.2671875
0 0.35859375 0.375 0.2796875 0.275
1 0.60625 0.41328125 0.26796875 0.26953125
4 0.85234375 0.446875 0.2296875 0.25625
2 0.09921875 0.58828125 0.1984375 0.27734375
2 0.30703125 0.625 0.27109375 0.28359375
1 0.54609375 0.66328125 0.2140625 0.25703125
1 0.79921875 0.690625 0.25390625 0.28515625
4 0.06640625 0.846875 0.13203125 0.25234375
2 0.25625 0.875 0.259375 0.25
3 0.50234375 0.88984375 0.2296875 0.2203125
4 0.74296875 0.9 0.24296875 0.2