0 0.10859375 0.14765625 0.2171875 0.2484375
0 0.3515625 0.1265625 0.234375 0.253125
1 0.603125 0.12421875 0.25625 0.2484375
2 0.84609375 0.10546875 0.2328125 0.2109375
4 0.1109375 0.403125 0.22109375 0.24453125
0 0.35546875 0.3859375 0.25078125 0.25546875
1 0.60078125 0.35546875 0.21640625 0.2609375
4 0.853125 0.3515625 0.19140625 0.20859375
3 0.1171875 0.634375 0.234375 0.25859375
4 0.36015625 0.6234375 0.25390625 0.25859375
4 0.6078125 0.603125 0.253125 0.26796875
0 0.8515625 0.58515625 0.22109375 0.2578125
2 0.1078125 0.88359375 0.215625 0.23046875
4 0.365625 0.86796875 0.22578125 0.2484375
2 0.6015625 0.85390625 0.19921875 0.2546875
4 0.85859375 0.83203125 0.22421875 0.2515625