0 0.12734375 0.12578125 0.2171875 0.2453125
0 0.37578125 0.11796875 0.1984375 0.2296875
1 0.62734375 0.12109375 0.2203125 0.2421875
2 0.8703125 0.1125 0.2125 0.22421875
4 0.11796875 0.38359375 0.2109375 0.2140625
0 0.37421875 0.37890625 0.2140625 0.2296875
1 0.61875 0.36171875 0.196875 0.2515625
4 0.87265625 0.371875 0.1796875 0.20546875
3 0.12109375 0.61328125 0.2234375 0.23671875
4 0.37421875 0.6171875 0.2421875 0.25546875
4 0.62265625 0.61015625 0.2234375 0.24921875
0 0.865625 0.60390625 0.221875 0.26484375
2 0.11171875 0.87734375 0.2140625 0.2453125
4 0.37578125 0.87109375 0.1953125 0.2453125
2 0.61015625 0.85859375 0.2015625 0.2578125
4 0.8703125 0.85390625 0.215625 0.2484375