4 0.1125 0.15390625 0.22421875 0.29140625
1 0.3375 0.12265625 0.24375 0.2453125
2 0.59140625 0.10703125 0.23359375 0.21328125
4 0.8421875 0.1046875 0.26484375 0.20859375
1 0.115625 0.4046875 0.23125 0.265625
1 0.36640625 0.3625 0.23515625 0.253125
2 0.60703125 0.3375 0.23203125 0.25234375
0 0.85703125 0.315625 0.24296875 0.246875
3 0.125 0.65234375 0.25 0.2890625
3 0.3578125 0.62109375 0.271875 0.2828125
3 0.61328125 0.59140625 0.2421875 0.2796875
3 0.8625 0.56796875 0.24609375 0.2640625
0 0.1296875 0.878125 0.259375 0.240625
2 0.36953125 0.86171875 0.24609375 0.2515625
0 0.62578125 0.8359375 0.2234375 0.26953125
2 0.865625 0.80859375 0.228125 0.26953125