3 0.1328125 0.11953125 0.24296875 0.2390625
3 0.39765625 0.11171875 0.26015625 0.22265625
0 0.63828125 0.1109375 0.2515625 0.221875
4 0.8828125 0.109375 0.23125 0.21875
4 0.1234375 0.35390625 0.24609375 0.2890625
2 0.36484375 0.3484375 0.2234375 0.27109375
4 0.625 0.334375 0.23828125 0.25078125
1 0.890625 0.3265625 0.20703125 0.234375
2 0.115625 0.60234375 0.23046875 0.2578125
0 0.3515625 0.603125 0.23046875 0.2625
0 0.5984375 0.57578125 0.246875 0.27890625
1 0.8578125 0.58203125 0.23203125 0.2484375
2 0.10546875 0.84375 0.2109375 0.284375
2 0.33046875 0.8453125 0.23515625 0.26875
2 0.584375 0.83125 0.21171875 0.2625
0 0.84140625 0.82890625 0.2421875 0.22890625