3 0.14140625 0.12265625 0.25390625 0.2453125
3 0.40546875 0.11953125 0.27265625 0.2390625
0 0.64609375 0.1296875 0.2859375 0.259375
4 0.87890625 0.134375 0.2421875 0.26875
4 0.15859375 0.3671875 0.2609375 0.26796875
2 0.403125 0.371875 0.253125 0.26796875
4 0.665625 0.36875 0.26015625 0.24296875
1 0.90859375 0.371875 0.18203125 0.22890625
2 0.1828125 0.61640625 0.240625 0.23671875
0 0.42421875 0.62578125 0.24453125 0.24921875
0 0.66953125 0.609375 0.25546875 0.25859375
1 0.9046875 0.6265625 0.190625 0.23203125
2 0.19375 0.85546875 0.259375 0.26953125
2 0.4328125 0.86640625 0.259375 0.25703125
2 0.68828125 0.86484375 0.2234375 0.25234375
0 0.91328125 0.8796875 0.17265625 0.21328125