3 0.11875 0.14453125 0.23515625 0.25546875
3 0.36328125 0.12109375 0.22265625 0.24140625
3 0.609375 0.1125 0.22734375 0.22421875
0 0.8625 0.0953125 0.24375 0.190625
3 0.134375 0.38515625 0.240625 0.28828125
1 0.38515625 0.36015625 0.25078125 0.2703125
0 0.6375 0.3359375 0.20703125 0.26015625
2 0.87734375 0.30625 0.24140625 0.27109375
3 0.15546875 0.64140625 0.20703125 0.26171875
3 0.40546875 0.6171875 0.2296875 0.246875
0 0.65625 0.590625 0.23984375 0.26484375
4 0.89765625 0.56328125 0.20390625 0.25390625
1 0.1796875 0.87265625 0.2375 0.25078125
2 0.42109375 0.8578125 0.22109375 0.253125
2 0.68125 0.83359375 0.23671875 0.26796875
2 0.909375 0.803125 0.18046875 0.26875