3 0.11015625 0.16796875 0.2203125 0.2578125
3 0.34609375 0.146875 0.2296875 0.26875
3 0.59296875 0.14609375 0.2421875 0.26484375
0 0.8453125 0.1390625 0.25234375 0.23671875
3 0.12109375 0.4078125 0.2359375 0.28515625
1 0.36953125 0.39765625 0.2453125 0.26328125
0 0.6234375 0.38515625 0.228125 0.2765625
2 0.86171875 0.36796875 0.2484375 0.27578125
3 0.14140625 0.665625 0.1984375 0.25234375
3 0.39140625 0.65546875 0.2265625 0.2453125
0 0.640625 0.640625 0.24375 0.26640625
4 0.884375 0.62578125 0.23046875 0.27421875
1 0.16796875 0.88828125 0.2234375 0.2234375
2 0.40859375 0.88125 0.2359375 0.2375
2 0.66875 0.878125 0.228125 0.24375
2 0.903125 0.8671875 0.19296875 0.265625