4 0.14609375 0.1328125 0.2671875 0.26328125
0 0.39375 0.15234375 0.23125 0.25390625
0 0.6390625 0.1765625 0.259375 0.259375
4 0.890625 0.1921875 0.21796875 0.25078125
1 0.1546875 0.384375 0.203125 0.25703125
4 0.40234375 0.4078125 0.2328125 0.2625
4 0.6609375 0.42109375 0.26875 0.28046875
3 0.8984375 0.44765625 0.203125 0.2546875
2 0.15 0.62421875 0.22890625 0.26640625
1 0.4078125 0.6578125 0.175 0.22578125
3 0.6578125 0.6671875 0.23125 0.26171875
1 0.9046875 0.68671875 0.190625 0.2640625
1 0.16953125 0.87578125 0.2171875 0.2484375
3 0.42109375 0.896875 0.17421875 0.20546875
3 0.66796875 0.89609375 0.2359375 0.2078125
4 0.90625 0.91171875 0.18046875 0.17578125