4 0.14375 0.13359375 0.25234375 0.2640625
0 0.38828125 0.1578125 0.19921875 0.234375
0 0.63515625 0.1828125 0.25703125 0.26875
4 0.88828125 0.203125 0.20234375 0.24140625
1 0.1421875 0.3859375 0.18671875 0.25390625
4 0.3875 0.41171875 0.20703125 0.25078125
4 0.646875 0.42890625 0.259375 0.2828125
3 0.88671875 0.45859375 0.20703125 0.26328125
2 0.1296875 0.625 0.225 0.27265625
1 0.38515625 0.66171875 0.17734375 0.2328125
3 0.6359375 0.67421875 0.21796875 0.2609375
1 0.8953125 0.696875 0.19609375 0.259375
1 0.140625 0.8765625 0.20546875 0.246875
3 0.39140625 0.90078125 0.1578125 0.1984375
3 0.63671875 0.8921875 0.2546875 0.215625
4 0.8734375 0.91484375 0.18125 0.1703125