0 0.11484375 0.165625 0.2296875 0.246875
4 0.34609375 0.16875 0.2640625 0.25703125
0 0.6046875 0.16953125 0.228125 0.2484375
4 0.85625 0.1703125 0.24375 0.24296875
3 0.10546875 0.4 0.2109375 0.25625
0 0.33515625 0.4078125 0.25859375 0.259375
1 0.60234375 0.42265625 0.2234375 0.24765625
4 0.8578125 0.4078125 0.253125 0.253125
2 0.10859375 0.65703125 0.2171875 0.2640625
1 0.346875 0.659375 0.24375 0.24609375
2 0.59453125 0.6640625 0.23359375 0.259375
2 0.8484375 0.67421875 0.22890625 0.2609375
4 0.10703125 0.8921875 0.21328125 0.215625
1 0.3484375 0.8875 0.2625 0.225
4 0.61484375 0.884375 0.2671875 0.23125
0 0.85546875 0.88828125 0.2046875 0.2234375