1 0.11484375 0.14453125 0.2265625 0.2609375
2 0.365625 0.14765625 0.23515625 0.26796875
0 0.60703125 0.16953125 0.2171875 0.2359375
1 0.8578125 0.171875 0.21328125 0.21796875
4 0.109375 0.38828125 0.21796875 0.2703125
1 0.3484375 0.4 0.23046875 0.271875
0 0.590625 0.41484375 0.22265625 0.2453125
0 0.8453125 0.42109375 0.23125 0.2515625
3 0.09375 0.63671875 0.1875 0.2515625
2 0.33671875 0.64609375 0.2328125 0.2609375
2 0.578125 0.6625 0.20625 0.23515625
3 0.8375 0.65859375 0.24453125 0.26640625
0 0.0890625 0.88984375 0.178125 0.2203125
0 0.30859375 0.88828125 0.21328125 0.2234375
0 0.56953125 0.89296875 0.1984375 0.2140625
1 0.81953125 0.89296875 0.2359375 0.2140625