1 0.15703125 0.1203125 0.21328125 0.2375
2 0.40703125 0.1328125 0.23984375 0.25546875
0 0.6515625 0.15703125 0.22109375 0.23671875
1 0.88984375 0.1671875 0.21953125 0.23515625
4 0.16015625 0.3578125 0.2359375 0.26953125
1 0.4046875 0.378125 0.21328125 0.25625
0 0.64765625 0.40234375 0.23984375 0.25390625
0 0.89609375 0.415625 0.2078125 0.2375
3 0.1484375 0.6046875 0.2125 0.240625
2 0.40859375 0.62421875 0.2171875 0.24296875
2 0.6515625 0.65 0.21484375 0.23515625
3 0.88984375 0.653125 0.21953125 0.27109375
0 0.15546875 0.86640625 0.2234375 0.24296875
0 0.3953125 0.878125 0.215625 0.24375
0 0.65625 0.88828125 0.1875 0.2234375
1 0.89609375 0.8921875 0.2078125 0.215625