2 0.1171875 0.1484375 0.234375 0.29140625
4 0.34921875 0.12265625 0.2140625 0.24453125
4 0.59609375 0.1046875 0.2171875 0.209375
2 0.84921875 0.09453125 0.2234375 0.1890625
0 0.1203125 0.40390625 0.240625 0.28828125
1 0.3671875 0.3671875 0.221875 0.265625
0 0.61328125 0.334375 0.2421875 0.2875
0 0.8734375 0.28984375 0.234375 0.27734375
1 0.12265625 0.65234375 0.2328125 0.26171875
2 0.3859375 0.6171875 0.228125 0.221875
3 0.63359375 0.58984375 0.2484375 0.2609375
2 0.87578125 0.5453125 0.2421875 0.28125
0 0.1359375 0.88203125 0.240625 0.23203125
4 0.3921875 0.8546875 0.253125 0.25390625
4 0.6515625 0.8296875 0.23125 0.25703125
3 0.88828125 0.7984375 0.2140625 0.25234375