2 0.1671875 0.11796875 0.25625 0.2359375
4 0.40703125 0.1140625 0.2140625 0.228125
4 0.65390625 0.12578125 0.2453125 0.25078125
2 0.89453125 0.13359375 0.2109375 0.2671875
0 0.14140625 0.34765625 0.2359375 0.2796875
1 0.38828125 0.35625 0.2203125 0.26171875
0 0.634375 0.36640625 0.246875 0.28671875
0 0.8890625 0.36953125 0.221875 0.26953125
1 0.1125 0.59453125 0.225 0.26328125
2 0.36796875 0.60859375 0.2390625 0.2328125
3 0.61484375 0.6265625 0.2328125 0.240625
2 0.8671875 0.6265625 0.259375 0.27734375
0 0.103125 0.840625 0.20625 0.265625
4 0.3390625 0.8546875 0.25625 0.26796875
4 0.596875 0.86328125 0.215625 0.22734375
3 0.84453125 0.86015625 0.2359375 0.2109375