2 0.134375 0.1203125 0.24609375 0.23984375
1 0.37890625 0.1359375 0.2453125 0.25859375
4 0.63515625 0.1453125 0.2359375 0.25390625
0 0.87734375 0.1625 0.2453125 0.25546875
2 0.12890625 0.3703125 0.2265625 0.25390625
1 0.371875 0.38671875 0.234375 0.25546875
0 0.621875 0.39921875 0.240625 0.26015625
2 0.87265625 0.41875 0.21328125 0.225
2 0.12734375 0.61953125 0.21015625 0.2359375
2 0.36484375 0.62421875 0.21953125 0.2296875
2 0.6203125 0.6546875 0.16796875 0.23515625
3 0.87265625 0.6578125 0.2046875 0.25
3 0.10859375 0.86015625 0.1953125 0.2421875
0 0.34921875 0.88359375 0.2078125 0.2328125
1 0.596875 0.88046875 0.253125 0.2390625
1 0.83828125 0.89375 0.16953125 0.21171875