4 0.11328125 0.153125 0.2265625 0.2875
2 0.34453125 0.1125 0.2046875 0.225
4 0.60625 0.10078125 0.20625 0.2015625
3 0.8421875 0.0828125 0.246875 0.165625
2 0.11796875 0.390625 0.2359375 0.28515625
4 0.3671875 0.36875 0.24375 0.26171875
0 0.596875 0.328125 0.2375 0.26953125
1 0.86171875 0.28359375 0.2671875 0.3015625
0 0.14453125 0.64765625 0.2328125 0.2859375
1 0.37421875 0.60078125 0.2234375 0.28828125
2 0.6296875 0.56484375 0.215625 0.25546875
3 0.87734375 0.5328125 0.1984375 0.26328125
2 0.1625 0.87421875 0.228125 0.2453125
1 0.39921875 0.8421875 0.2453125 0.271875
2 0.665625 0.81171875 0.234375 0.2796875
1 0.89375 0.7765625 0.2125 0.278125