4 0.10703125 0.17578125 0.2140625 0.27578125
2 0.32109375 0.13359375 0.23046875 0.23515625
4 0.5828125 0.11875 0.21875 0.23046875
3 0.82109375 0.10625 0.2765625 0.2125
2 0.10234375 0.41171875 0.2046875 0.25390625
4 0.33359375 0.39921875 0.2671875 0.2515625
0 0.5671875 0.36796875 0.26796875 0.2640625
1 0.83125 0.33046875 0.30625 0.2984375
0 0.11484375 0.67109375 0.2296875 0.2703125
1 0.334375 0.63125 0.26171875 0.2875
2 0.58984375 0.6046875 0.25703125 0.2625
3 0.8390625 0.58125 0.22265625 0.25546875
2 0.11640625 0.89296875 0.23203125 0.21328125
1 0.35078125 0.87109375 0.2640625 0.2515625
2 0.61796875 0.85078125 0.2703125 0.2765625
1 0.84296875 0.82734375 0.21640625 0.26171875