2 0.15234375 0.121875 0.2640625 0.24140625
1 0.39453125 0.1546875 0.24921875 0.26484375
4 0.64921875 0.18828125 0.2640625 0.28671875
0 0.87421875 0.22890625 0.24921875 0.29765625
2 0.12578125 0.359375 0.2515625 0.28125
1 0.3671875 0.40078125 0.259375 0.2859375
0 0.615625 0.4375 0.24609375 0.27265625
2 0.86328125 0.4859375 0.25078125 0.27109375
2 0.109375 0.60703125 0.21875 0.25703125
2 0.3390625 0.6375 0.24765625 0.26171875
2 0.59296875 0.69375 0.20234375 0.26328125
3 0.84453125 0.72265625 0.2421875 0.2859375
3 0.0890625 0.84375 0.17734375 0.26875
0 0.303125 0.88359375 0.21953125 0.23203125
1 0.55 0.89609375 0.253125 0.2078125
1 0.790625 0.921875 0.178125 0.15625