0 0.12109375 0.1375 0.24140625 0.25625
0 0.3796875 0.1578125 0.2375 0.26171875
0 0.61875 0.15859375 0.24375 0.2421875
3 0.8796875 0.18203125 0.21640625 0.24765625
3 0.146875 0.39375 0.24921875 0.275
2 0.38984375 0.403125 0.2671875 0.284375
1 0.653125 0.4265625 0.215625 0.25546875
0 0.890625 0.43046875 0.21796875 0.26328125
1 0.17109375 0.6421875 0.2578125 0.28984375
1 0.41875 0.65 0.24140625 0.26875
0 0.6734375 0.671875 0.23046875 0.25390625
4 0.8953125 0.6875 0.209375 0.28125
0 0.19140625 0.88125 0.22265625 0.23671875
2 0.440625 0.88515625 0.234375 0.2296875
2 0.69921875 0.88828125 0.23203125 0.22265625
2 0.91484375 0.9015625 0.1703125 0.196875