3 0.14765625 0.11484375 0.2234375 0.2265625
3 0.3953125 0.12734375 0.225 0.2421875
2 0.646875 0.153125 0.24765625 0.25234375
4 0.8828125 0.18359375 0.22421875 0.2578125
3 0.12109375 0.35703125 0.24140625 0.26640625
3 0.3734375 0.37109375 0.21875 0.2671875
2 0.61015625 0.4 0.23984375 0.25390625
0 0.8578125 0.42109375 0.228125 0.2734375
4 0.096875 0.60859375 0.19375 0.2421875
1 0.33828125 0.621875 0.21953125 0.25625
1 0.5890625 0.65234375 0.2375 0.26796875
0 0.83359375 0.67109375 0.2328125 0.26484375
2 0.08828125 0.853125 0.1765625 0.2625
1 0.31015625 0.87421875 0.2015625 0.2515625
1 0.5546875 0.89140625 0.221875 0.2171875
0 0.8078125 0.9015625 0.21796875 0.196875