3 0.1359375 0.121875 0.21328125 0.24375
2 0.39609375 0.1109375 0.1734375 0.221875
3 0.63984375 0.10703125 0.1859375 0.2140625
2 0.89296875 0.1 0.2140625 0.2
1 0.14609375 0.36328125 0.23671875 0.25859375
3 0.3953125 0.346875 0.20625 0.24375
1 0.6421875 0.34375 0.25546875 0.271875
1 0.88828125 0.32109375 0.2234375 0.2734375
1 0.14609375 0.6125 0.2171875 0.24921875
4 0.3953125 0.6046875 0.228125 0.246875
4 0.6484375 0.5984375 0.240625 0.24765625
2 0.9015625 0.58515625 0.18984375 0.23046875
2 0.1625 0.86953125 0.2 0.2484375
3 0.39921875 0.846875 0.24140625 0.27265625
0 0.6546875 0.83984375 0.22578125 0.2546875
4 0.88984375 0.81796875 0.21953125 0.26953125