3 0.15078125 0.121875 0.23984375 0.24375
2 0.40859375 0.12421875 0.1734375 0.23515625
3 0.6546875 0.14140625 0.20546875 0.25078125
2 0.8921875 0.1515625 0.21484375 0.259375
1 0.14921875 0.36015625 0.2671875 0.2734375
3 0.39921875 0.36953125 0.21796875 0.2421875
1 0.6453125 0.3921875 0.265625 0.26875
1 0.89296875 0.3953125 0.2140625 0.25625
1 0.140625 0.6078125 0.23984375 0.25625
4 0.38984375 0.6265625 0.25078125 0.253125
4 0.64453125 0.64609375 0.26328125 0.2578125
2 0.89609375 0.66015625 0.2078125 0.23515625
2 0.14921875 0.86328125 0.21796875 0.2484375
3 0.384375 0.8640625 0.265625 0.27109375
0 0.64140625 0.884375 0.2171875 0.23125
4 0.88359375 0.88125 0.2328125 0.2375