4 0.12578125 0.1171875 0.19765625 0.23203125
3 0.36640625 0.11484375 0.21953125 0.22890625
0 0.6234375 0.11328125 0.221875 0.2265625
0 0.87578125 0.1140625 0.23203125 0.228125
1 0.12578125 0.36953125 0.21953125 0.2359375
1 0.37109375 0.35859375 0.2484375 0.26484375
2 0.61953125 0.3609375 0.2671875 0.26875
0 0.8625 0.35234375 0.265625 0.2609375
4 0.11328125 0.62578125 0.2265625 0.2578125
4 0.35859375 0.6140625 0.23515625 0.240625
1 0.60859375 0.6078125 0.2234375 0.259375
1 0.87109375 0.59921875 0.22421875 0.2296875
1 0.1109375 0.8734375 0.21796875 0.253125
1 0.3609375 0.8625 0.25 0.25703125
3 0.6046875 0.853125 0.20625 0.25859375
3 0.8578125 0.8484375 0.23359375 0.25