4 0.109375 0.1375 0.21875 0.2375
4 0.35703125 0.11953125 0.24765625 0.2390625
4 0.103125 0.3828125 0.20546875 0.24609375
2 0.60234375 0.1109375 0.2421875 0.221875
2 0.34375 0.36875 0.228125 0.25546875
2 0.5890625 0.35546875 0.2375 0.2515625
2 0.84375 0.3328125 0.23828125 0.259375
2 0.31484375 0.8609375 0.22109375 0.25859375
0 0.85078125 0.10546875 0.2546875 0.2109375
0 0.090625 0.64609375 0.178125 0.22578125
0 0.58984375 0.6015625 0.20546875 0.2375
0 0.83046875 0.5890625 0.21484375 0.24140625
0 0.578125 0.8671875 0.19921875 0.21875
1 0.33984375 0.61640625 0.22109375 0.23828125
1 0.0875 0.87734375 0.175 0.2421875
4 0.81484375 0.8328125 0.23359375 0.2625