4 0.11328125 0.13515625 0.2265625 0.2515625
4 0.36015625 0.11953125 0.24921875 0.2390625
4 0.10625 0.38125 0.20625 0.24375
2 0.6078125 0.1078125 0.23125 0.21484375
2 0.35625 0.36484375 0.23046875 0.26640625
2 0.59921875 0.34921875 0.2203125 0.24609375
2 0.85390625 0.32109375 0.22109375 0.25234375
2 0.34140625 0.85703125 0.21328125 0.2609375
0 0.85546875 0.10390625 0.25546875 0.2078125
0 0.10859375 0.64375 0.1921875 0.24140625
0 0.60859375 0.59453125 0.21171875 0.2515625
0 0.8484375 0.57890625 0.23046875 0.26015625
0 0.603125 0.85859375 0.19921875 0.22890625
1 0.35859375 0.6109375 0.22734375 0.25078125
1 0.10234375 0.87265625 0.2046875 0.2515625
4 0.840625 0.82109375 0.22109375 0.26171875