4 0.1375 0.12265625 0.20625 0.2453125
4 0.6578125 0.34453125 0.23671875 0.2546875
4 0.66640625 0.5875 0.23515625 0.27734375
4 0.425 0.846875 0.21015625 0.26484375
3 0.39921875 0.1125 0.2046875 0.22421875
3 0.15078125 0.35390625 0.2203125 0.2390625
3 0.4078125 0.3390625 0.22421875 0.275
3 0.16640625 0.85859375 0.19609375 0.2421875
3 0.9 0.82890625 0.2 0.2390625
1 0.6421875 0.11015625 0.23125 0.2203125
1 0.8890625 0.103125 0.221875 0.20625
1 0.8921875 0.33046875 0.215625 0.26015625
1 0.16484375 0.60234375 0.2328125 0.26328125
1 0.41640625 0.59921875 0.2578125 0.2671875
3 0.9140625 0.578125 0.171875 0.24375
3 0.67890625 0.83984375 0.17734375 0.2453125