4 0.10703125 0.16328125 0.2140625 0.2515625
4 0.10234375 0.41015625 0.20390625 0.2609375
4 0.61015625 0.34765625 0.2171875 0.2359375
4 0.1125 0.659375 0.22421875 0.25703125
4 0.86328125 0.5796875 0.2359375 0.26328125
4 0.13515625 0.89296875 0.22890625 0.21171875
1 0.34296875 0.13515625 0.23828125 0.25234375
1 0.5890625 0.11875 0.22734375 0.2375
1 0.34375 0.3828125 0.2125 0.2625
1 0.61171875 0.59609375 0.22265625 0.2515625
1 0.375 0.86640625 0.24296875 0.25234375
2 0.8390625 0.10625 0.240625 0.2125
4 0.859375 0.32734375 0.21484375 0.2609375
3 0.34921875 0.6359375 0.19140625 0.25234375
0 0.63203125 0.8515625 0.22734375 0.24140625
1 0.875 0.82578125 0.17734375 0.25703125