4 0.1140625 0.14296875 0.228125 0.2671875
4 0.11953125 0.39140625 0.1796875 0.25703125
4 0.62578125 0.31875 0.2234375 0.259375
4 0.12421875 0.63984375 0.2171875 0.26171875
4 0.87578125 0.54609375 0.2140625 0.26171875
4 0.14609375 0.87890625 0.2234375 0.2359375
1 0.36015625 0.121875 0.2296875 0.24375
1 0.6078125 0.103125 0.203125 0.20625
1 0.359375 0.3578125 0.190625 0.259375
1 0.625 0.56875 0.20625 0.25625
1 0.38515625 0.846875 0.2296875 0.265625
2 0.85546875 0.09140625 0.2296875 0.1828125
4 0.87421875 0.29453125 0.2140625 0.27734375
3 0.36328125 0.61171875 0.1890625 0.2640625
0 0.64375 0.8234375 0.221875 0.25234375
1 0.88828125 0.78984375 0.1765625 0.26484375