4 0.12109375 0.16171875 0.2359375 0.2640625
0 0.3578125 0.15546875 0.27109375 0.27421875
3 0.6078125 0.159375 0.27109375 0.26015625
0 0.85234375 0.15625 0.2328125 0.228125
0 0.16328125 0.42890625 0.24609375 0.28984375
4 0.39453125 0.40859375 0.2640625 0.2671875
2 0.65 0.390625 0.25859375 0.259375
3 0.8875 0.39453125 0.225 0.23671875
2 0.203125 0.67265625 0.23671875 0.2578125
4 0.4390625 0.653125 0.25703125 0.253125
0 0.6953125 0.65859375 0.26875 0.2828125
0 0.91171875 0.65390625 0.1765625 0.2484375
4 0.2484375 0.89375 0.221875 0.2125
4 0.47890625 0.88515625 0.2578125 0.2296875
3 0.73828125 0.89296875 0.2453125 0.2140625
0 0.92578125 0.8890625 0.1484375 0.22109375