1 0.14296875 0.121875 0.2171875 0.23984375
0 0.3875 0.14609375 0.221875 0.2703125
4 0.65703125 0.15390625 0.2140625 0.26015625
2 0.8890625 0.18046875 0.221875 0.2640625
3 0.13046875 0.37421875 0.2140625 0.24765625
2 0.37109375 0.38828125 0.2078125 0.24296875
1 0.6265625 0.40625 0.2 0.246875
3 0.890625 0.43671875 0.203125 0.23359375
2 0.128125 0.61875 0.25625 0.28046875
0 0.3671875 0.64140625 0.21875 0.24765625
1 0.86796875 0.68125 0.2046875 0.25078125
0 0.1203125 0.871875 0.2375 0.25625
1 0.346875 0.88671875 0.2125 0.2265625
1 0.60625 0.8890625 0.20625 0.221875
0 0.86953125 0.9046875 0.2421875 0.190625