1 0.11640625 0.15078125 0.2328125 0.2609375
0 0.3578125 0.153125 0.234375 0.284375
4 0.62421875 0.14296875 0.2046875 0.24296875
2 0.859375 0.1546875 0.23125 0.25
3 0.12265625 0.40546875 0.2234375 0.2546875
2 0.3609375 0.39921875 0.225 0.2578125
1 0.61796875 0.39453125 0.2015625 0.2453125
3 0.88125 0.40234375 0.209375 0.23984375
2 0.14140625 0.65078125 0.2390625 0.2578125
0 0.38203125 0.653125 0.2171875 0.24296875
1 0.88203125 0.64921875 0.1859375 0.2359375
0 0.159375 0.8859375 0.25 0.228125
1 0.38671875 0.88984375 0.2328125 0.2203125
1 0.64375 0.88046875 0.228125 0.2390625
0 0.89140625 0.88671875 0.2171875 0.2265625