0 0.10546875 0.15859375 0.21015625 0.25390625
0 0.84921875 0.56328125 0.2546875 0.27109375
0 0.11484375 0.88984375 0.2296875 0.21640625
2 0.3390625 0.13203125 0.221875 0.24609375
2 0.5921875 0.115625 0.240625 0.23125
2 0.61640625 0.84140625 0.22578125 0.26328125
4 0.83046875 0.08046875 0.19609375 0.16015625
4 0.85234375 0.809375 0.21953125 0.26328125
3 0.10546875 0.41015625 0.21015625 0.24609375
3 0.35 0.37890625 0.24609375 0.2640625
3 0.83984375 0.3078125 0.24765625 0.265625
3 0.11796875 0.65703125 0.2359375 0.26015625
1 0.596875 0.3421875 0.24296875 0.26875
1 0.34765625 0.628125 0.23984375 0.259375
1 0.6125 0.5921875 0.225 0.25234375
1 0.3671875 0.86171875 0.240625 0.2515625