4 0.1484375 0.11875 0.25 0.2375
3 0.3984375 0.1265625 0.275 0.253125
2 0.6515625 0.13515625 0.26875 0.26953125
0 0.89375 0.1515625 0.2125 0.259375
3 0.13984375 0.35390625 0.2515625 0.2734375
2 0.38671875 0.36953125 0.2484375 0.2765625
2 0.6375 0.38671875 0.23125 0.2515625
4 0.884375 0.40625 0.21875 0.246875
3 0.1125 0.59921875 0.225 0.2578125
1 0.36640625 0.621875 0.2328125 0.26875
3 0.621875 0.64765625 0.253125 0.2546875
0 0.871875 0.65546875 0.24375 0.2640625
2 0.10859375 0.84375 0.2171875 0.240625
1 0.34921875 0.875 0.2484375 0.24375
1 0.615625 0.87890625 0.24375 0.2359375
3 0.8515625 0.87734375 0.259375 0.2359375