2 0.10703125 0.15703125 0.2140625 0.2515625
2 0.5984375 0.1484375 0.23671875 0.25625
2 0.3546875 0.403125 0.22578125 0.24296875
2 0.59921875 0.39453125 0.23828125 0.2609375
2 0.86015625 0.3921875 0.22890625 0.253125
2 0.134375 0.88671875 0.225 0.22578125
2 0.61953125 0.87890625 0.2484375 0.2421875
0 0.34765625 0.15546875 0.20078125 0.2609375
0 0.85078125 0.146875 0.2296875 0.234375
0 0.37265625 0.8875 0.2046875 0.225
3 0.1078125 0.4125 0.20703125 0.246875
3 0.60859375 0.64453125 0.21015625 0.25234375
4 0.115625 0.6609375 0.21796875 0.25859375
4 0.36640625 0.65546875 0.20859375 0.24921875
1 0.8609375 0.640625 0.25 0.27265625
1 0.86640625 0.88359375 0.22578125 0.23203125