4 0.109375 0.165625 0.21875 0.275
3 0.33125 0.134375 0.29375 0.26875
2 0.5828125 0.11875 0.28125 0.2375
0 0.8375 0.10546875 0.2625 0.21015625
3 0.11015625 0.40859375 0.2203125 0.2703125
2 0.3390625 0.3796875 0.259375 0.27265625
2 0.58984375 0.3515625 0.25859375 0.26328125
4 0.83828125 0.32578125 0.2390625 0.2546875
3 0.10234375 0.65625 0.2046875 0.26015625
1 0.3375 0.63125 0.24296875 0.26875
3 0.5953125 0.6125 0.27734375 0.265625
0 0.8421875 0.57421875 0.24375 0.2578125
2 0.1109375 0.884375 0.221875 0.228125
1 0.34453125 0.87734375 0.2609375 0.22890625
1 0.609375 0.846875 0.25625 0.25390625
3 0.82734375 0.81484375 0.2390625 0.2734375