0 0.1328125 0.121875 0.25859375 0.24375
3 0.3875 0.1171875 0.22421875 0.234375
4 0.63984375 0.11796875 0.21015625 0.2359375
4 0.88359375 0.121875 0.2234375 0.24375
1 0.1203125 0.36171875 0.215625 0.2546875
2 0.36953125 0.35703125 0.23828125 0.24921875
1 0.61875 0.36640625 0.23359375 0.24921875
3 0.8703125 0.36484375 0.228125 0.25859375
3 0.1109375 0.6140625 0.22109375 0.25390625
1 0.35625 0.61171875 0.240625 0.26953125
0 0.61328125 0.6140625 0.2328125 0.26328125
4 0.8578125 0.61953125 0.20859375 0.2390625
1 0.1015625 0.8640625 0.20234375 0.25
1 0.34375 0.8625 0.234375 0.26015625
1 0.58671875 0.8578125 0.2359375 0.26015625
4 0.84921875 0.859375 0.22578125 0.24453125