0 0.11484375 0.14609375 0.22890625 0.2578125
3 0.36015625 0.1453125 0.2140625 0.240625
4 0.6109375 0.1484375 0.196875 0.23671875
4 0.85546875 0.16015625 0.23984375 0.2515625
1 0.10703125 0.39609375 0.21328125 0.2578125
2 0.35234375 0.39296875 0.23359375 0.24765625
1 0.60390625 0.40234375 0.24765625 0.2609375
3 0.85625 0.39921875 0.22265625 0.25546875
3 0.10703125 0.6484375 0.2140625 0.24765625
1 0.35390625 0.646875 0.2390625 0.26875
0 0.61015625 0.6484375 0.23515625 0.265625
4 0.85546875 0.653125 0.22421875 0.25390625
1 0.10859375 0.8859375 0.2171875 0.228125
1 0.35390625 0.88515625 0.22734375 0.2296875
1 0.5984375 0.88515625 0.21484375 0.2296875
4 0.8609375 0.8875 0.221875 0.225