2 0.11171875 0.1390625 0.19140625 0.240625
2 0.87421875 0.21171875 0.2078125 0.2453125
2 0.11484375 0.39296875 0.2015625 0.24453125
2 0.34296875 0.66640625 0.2265625 0.2515625
4 0.36328125 0.17265625 0.2171875 0.25703125
4 0.35390625 0.41796875 0.2078125 0.2484375
4 0.86484375 0.4609375 0.18984375 0.228125
0 0.61796875 0.18359375 0.1734375 0.2421875
0 0.5984375 0.68828125 0.196875 0.22421875
0 0.090625 0.88359375 0.18125 0.2328125
3 0.61015625 0.43125 0.22421875 0.2625
3 0.33203125 0.89296875 0.2109375 0.21328125
3 0.57578125 0.90078125 0.1921875 0.19765625
1 0.0921875 0.64765625 0.184375 0.2328125
1 0.84453125 0.70859375 0.18515625 0.2390625
1 0.83203125 0.915625 0.2359375 0.16875