2 0.09921875 0.153125 0.1984375 0.24609375
2 0.859375 0.14140625 0.209375 0.2390625
2 0.128125 0.4046875 0.2125 0.25
2 0.37890625 0.6515625 0.2078125 0.23125
4 0.3515625 0.15703125 0.215625 0.2546875
4 0.3671875 0.40390625 0.2125 0.2515625
4 0.87734375 0.38984375 0.1859375 0.22421875
0 0.6046875 0.140625 0.175 0.24140625
0 0.63515625 0.6453125 0.1953125 0.22109375
0 0.13984375 0.89296875 0.1953125 0.2140625
3 0.62265625 0.38828125 0.2078125 0.2453125
3 0.39375 0.8875 0.203125 0.22421875
3 0.6375 0.8796875 0.196875 0.240625
1 0.1296875 0.66015625 0.1875 0.23046875
1 0.88046875 0.63828125 0.1984375 0.24453125
1 0.8890625 0.88125 0.221875 0.23671875