2 0.115625 0.16953125 0.228125 0.2671875
2 0.840625 0.13046875 0.253125 0.22578125
2 0.14375 0.425 0.21875 0.25
2 0.62890625 0.384375 0.2453125 0.24765625
2 0.915625 0.859375 0.16875 0.26875
4 0.35625 0.14921875 0.23984375 0.26171875
4 0.378125 0.396875 0.20859375 0.2625
4 0.6890625 0.63828125 0.25234375 0.26328125
4 0.9015625 0.60546875 0.196875 0.2640625
4 0.4671875 0.88359375 0.24375 0.23203125
0 0.5921875 0.13515625 0.25 0.24921875
0 0.178125 0.66953125 0.25 0.26796875
0 0.2296875 0.89296875 0.253125 0.2140625
3 0.87265625 0.36015625 0.23671875 0.25859375
3 0.7171875 0.87421875 0.23125 0.2515625
1 0.42734375 0.65234375 0.1796875 0.20234375