1 0.12421875 0.121875 0.2421875 0.24375
0 0.3640625 0.1375 0.24765625 0.234375
4 0.61953125 0.121875 0.26015625 0.240625
3 0.859375 0.1203125 0.2375 0.240625
2 0.1046875 0.37734375 0.209375 0.2421875
3 0.3578125 0.37890625 0.234375 0.2421875
3 0.59453125 0.37578125 0.2546875 0.2484375
0 0.8453125 0.371875 0.22890625 0.234375
4 0.0890625 0.62421875 0.178125 0.2421875
3 0.328125 0.61953125 0.25546875 0.2609375
2 0.59140625 0.61796875 0.2421875 0.2421875
0 0.83046875 0.62890625 0.2484375 0.2421875
3 0.0953125 0.871875 0.18984375 0.25625
2 0.3140625 0.87578125 0.265625 0.2453125
4 0.55703125 0.87421875 0.2328125 0.2453125
2 0.825 0.8734375 0.24375 0.24375