3 0.1265625 0.11875 0.21796875 0.2375
3 0.61015625 0.11640625 0.2296875 0.2328125
3 0.85390625 0.35 0.2296875 0.246875
3 0.80390625 0.84765625 0.2265625 0.25078125
4 0.36875 0.11875 0.23203125 0.2375
4 0.109375 0.3703125 0.21796875 0.23046875
4 0.33984375 0.63046875 0.2171875 0.22578125
4 0.55625 0.8609375 0.21796875 0.24296875
1 0.8765625 0.11328125 0.209375 0.2265625
1 0.59765625 0.3625 0.1921875 0.25
1 0.10078125 0.61875 0.20078125 0.23515625
1 0.83046875 0.60625 0.23671875 0.2625
0 0.353125 0.3609375 0.24140625 0.259375
0 0.5796875 0.61640625 0.215625 0.23203125
0 0.3125 0.86640625 0.20625 0.24609375
2 0.08828125 0.87109375 0.17578125 0.24765625