3 0.10390625 0.16171875 0.20703125 0.2546875
3 0.58359375 0.17265625 0.2484375 0.2734375
3 0.8609375 0.415625 0.23125 0.265625
3 0.878125 0.89140625 0.215625 0.2171875
4 0.34375 0.17109375 0.240625 0.26484375
4 0.11484375 0.4171875 0.22265625 0.24921875
4 0.38046875 0.6828125 0.20859375 0.2375
4 0.6296875 0.890625 0.2375 0.21875
1 0.85 0.1828125 0.23359375 0.253125
1 0.60546875 0.4203125 0.18203125 0.25859375
1 0.1375 0.66640625 0.23125 0.2734375
1 0.87109375 0.66953125 0.2265625 0.2734375
0 0.359375 0.4125 0.24375 0.28359375
0 0.62109375 0.6734375 0.19921875 0.23515625
0 0.3875 0.89453125 0.20625 0.2109375
2 0.14140625 0.88828125 0.2359375 0.2234375