2 0.11015625 0.14375 0.2171875 0.215625
3 0.36484375 0.1328125 0.25703125 0.24375
4 0.6109375 0.13046875 0.22578125 0.2296875
2 0.8609375 0.12890625 0.22890625 0.2328125
0 0.11640625 0.38203125 0.2328125 0.2578125
0 0.36484375 0.38515625 0.24765625 0.2390625
2 0.6140625 0.38125 0.21640625 0.234375
1 0.87421875 0.378125 0.23515625 0.24375
2 0.115625 0.640625 0.23125 0.246875
3 0.3625 0.62734375 0.23984375 0.2359375
4 0.61796875 0.62421875 0.2265625 0.2109375
0 0.86953125 0.6234375 0.22421875 0.225
0 0.11171875 0.88359375 0.2234375 0.2328125
1 0.3609375 0.884375 0.25078125 0.23125
1 0.6046875 0.87734375 0.24609375 0.2453125
3 0.8625 0.8703125 0.23359375 0.25