1 0.15703125 0.1234375 0.28671875 0.246875
0 0.40078125 0.1375 0.28203125 0.253125
0 0.65703125 0.1578125 0.26015625 0.24765625
0 0.66171875 0.4125 0.28515625 0.271875
0 0.1703125 0.6140625 0.265625 0.25703125
0 0.41640625 0.63203125 0.27890625 0.2734375
0 0.684375 0.8859375 0.259375 0.228125
0 0.90390625 0.89921875 0.1921875 0.2015625
3 0.8890625 0.1796875 0.221875 0.246875
3 0.88828125 0.6765625 0.2234375 0.27109375
4 0.15625 0.36171875 0.265625 0.26171875
4 0.66796875 0.65703125 0.28203125 0.2703125
4 0.425 0.87578125 0.26640625 0.2484375
2 0.89140625 0.43359375 0.2171875 0.2640625
2 0.1859375 0.86171875 0.259375 0.25859375
2 0.40625 0.38359375 0.27578125 0.24453125