3 0.11484375 0.15546875 0.2296875 0.2484375
0 0.35859375 0.1578125 0.2453125 0.25625
2 0.60703125 0.1640625 0.2515625 0.253125
4 0.8625 0.159375 0.225 0.24765625
2 0.12109375 0.39921875 0.2421875 0.2671875
2 0.35234375 0.4046875 0.2828125 0.25625
1 0.60546875 0.41015625 0.2171875 0.2546875
2 0.84453125 0.41015625 0.2203125 0.2515625
0 0.1078125 0.65625 0.215625 0.2625
4 0.34453125 0.659375 0.2390625 0.24375
4 0.60546875 0.6609375 0.2421875 0.25625
0 0.85234375 0.65859375 0.22265625 0.2640625
1 0.1 0.890625 0.2 0.21875
2 0.34375 0.88203125 0.24765625 0.2359375
4 0.5921875 0.8890625 0.25 0.221875
2 0.840625 0.89296875 0.240625 0.2140625