3 0.175 0.11484375 0.246875 0.2296875
0 0.4234375 0.1296875 0.24609375 0.253125
2 0.66875 0.16171875 0.278125 0.2765625
4 0.9 0.1828125 0.2 0.265625
2 0.16484375 0.346875 0.2546875 0.2625
2 0.40390625 0.375 0.28203125 0.25
1 0.65546875 0.40703125 0.22265625 0.25703125
2 0.8890625 0.43203125 0.221875 0.2578125
0 0.13671875 0.59921875 0.2359375 0.26015625
4 0.38046875 0.62734375 0.24609375 0.2484375
4 0.64140625 0.65625 0.2578125 0.265625
0 0.88828125 0.68125 0.21953125 0.25859375
1 0.13125 0.84140625 0.21171875 0.25703125
2 0.36953125 0.86328125 0.2640625 0.2734375
4 0.61484375 0.88046875 0.27109375 0.23828125
2 0.86875 0.90703125 0.23828125 0.18515625