1 0.12265625 0.1453125 0.2453125 0.253125
0 0.35234375 0.14140625 0.27421875 0.2578125
0 0.6078125 0.14375 0.26015625 0.25234375
0 0.6046875 0.396875 0.26796875 0.26171875
0 0.11640625 0.6484375 0.2328125 0.25546875
0 0.35 0.64140625 0.26484375 0.26640625
0 0.61171875 0.8796875 0.2515625 0.240625
0 0.8515625 0.88046875 0.22890625 0.23828125
3 0.859375 0.14453125 0.253125 0.23671875
3 0.8453125 0.63828125 0.240625 0.2484375
4 0.109375 0.39375 0.21875 0.240625
4 0.6015625 0.64375 0.26015625 0.25546875
4 0.35234375 0.88671875 0.2390625 0.2265625
2 0.853125 0.3953125 0.23125 0.246875
2 0.11875 0.8828125 0.2375 0.23359375
2 0.35 0.39140625 0.271875 0.2484375