2 0.07578125 0.1203125 0.07578125 0.08125
2 0.278125 0.1328125 0.08125 0.084375
2 0.4765625 0.1234375 0.084375 0.08515625
2 0.67734375 0.1328125 0.0859375 0.08828125
2 0.871875 0.13515625 0.084375 0.09296875
2 0.09296875 0.3296875 0.0796875 0.084375
2 0.3015625 0.3234375 0.078125 0.0875
2 0.4953125 0.33828125 0.096875 0.0953125
2 0.68984375 0.32421875 0.0828125 0.09921875
2 0.89375 0.31953125 0.090625 0.09140625
2 0.909375 0.52734375 0.09765625 0.1078125
2 0.71328125 0.51875 0.0828125 0.09140625
2 0.51484375 0.51796875 0.07265625 0.0765625
2 0.31484375 0.521875 0.0953125 0.090625
2 0.11953125 0.5328125 0.07578125 0.08125
2 0.13515625 0.72421875 0.0921875 0.09765625
2 0.3390625 0.7359375 0.090625 0.10234375
2 0.53671875 0.7203125 0.0796875 0.0875
2 0.740625 0.7359375 0.090625 0.10546875
2 0.934375 0.72421875 0.0875 0.10234375
2 0.15859375 0.9171875 0.06640625 0.07734375
2 0.35625 0.9296875 0.0875 0.09765625
2 0.55703125 0.93125 0.07890625 0.08125
2 0.7578125 0.928125 0.078125 0.090625
2 0.95625 0.9203125 0.08125 0.090625