2 0.05234375 0.12890625 0.0640625 0.0734375
2 0.24140625 0.1 0.1453125 0.17734375
2 0.39921875 0.10546875 0.0546875 0.0609375
2 0.55625 0.05390625 0.034375 0.0453125
2 0.884375 0.05859375 0.078125 0.09609375
2 0.06328125 0.2765625 0.0703125 0.06640625
2 0.228125 0.25234375 0.090625 0.09921875
2 0.40078125 0.23984375 0.0703125 0.07421875
2 0.5796875 0.2234375 0.11875 0.12578125
2 0.73046875 0.2234375 0.0578125 0.059375
2 0.87890625 0.215625 0.0640625 0.090625
2 0.05859375 0.446875 0.1171875 0.17578125
2 0.23828125 0.4203125 0.1203125 0.11640625
2 0.434375 0.41484375 0.11875 0.17109375
2 0.58203125 0.42109375 0.1234375 0.13046875
2 0.7375 0.371875 0.05 0.059375
2 0.92109375 0.37109375 0.1484375 0.16015625
2 0.0984375 0.6046875 0.10625 0.10703125
2 0.259375 0.5890625 0.084375 0.08515625
2 0.415625 0.5984375 0.059375 0.065625
2 0.578125 0.5734375 0.059375 0.08125
2 0.71875 0.5609375 0.1 0.16015625
2 0.909375 0.55546875 0.08125 0.08984375
2 0.07734375 0.78046875 0.1234375 0.15859375
2 0.25546875 0.76484375 0.0546875 0.0703125
2 0.44921875 0.74921875 0.1484375 0.17890625
2 0.5921875 0.734375 0.109375 0.11015625
2 0.76015625 0.73125 0.0921875 0.10078125
2 0.9390625 0.7234375 0.09375 0.10390625
2 0.9453125 0.875 0.109375 0.13203125
2 0.80390625 0.88671875 0.1453125 0.18828125
2 0.6328125 0.903125 0.134375 0.17421875
2 0.4328125 0.91875 0.0625 0.06875
2 0.29609375 0.91953125 0.1296875 0.12734375
2 0.11015625 0.92265625 0.0609375 0.0734375