2 0.05625 0.10859375 0.071875 0.07890625
2 0.24765625 0.08125 0.14140625 0.1625
2 0.40390625 0.078125 0.06171875 0.06640625
2 0.5640625 0.0234375 0.0375 0.046875
2 0.89296875 0.03515625 0.0859375 0.06953125
2 0.05078125 0.25703125 0.07890625 0.0734375
2 0.2171875 0.23203125 0.09375 0.10078125
2 0.38984375 0.21328125 0.07265625 0.0734375
2 0.56953125 0.19375 0.12421875 0.12734375
2 0.7203125 0.18828125 0.059375 0.0609375
2 0.86875 0.178125 0.071875 0.09609375
2 0.04609375 0.428125 0.0921875 0.184375
2 0.20625 0.39765625 0.13515625 0.1296875
2 0.403125 0.38671875 0.14765625 0.18671875
2 0.54921875 0.390625 0.12734375 0.13125
2 0.709375 0.33828125 0.053125 0.0609375
2 0.88984375 0.33125 0.1703125 0.17890625
2 0.0515625 0.5859375 0.103125 0.109375
2 0.20703125 0.565625 0.08984375 0.08828125
2 0.3625 0.571875 0.06015625 0.065625
2 0.528125 0.54296875 0.065625 0.08359375
2 0.66875 0.5265625 0.1 0.15859375
2 0.85859375 0.51796875 0.08046875 0.0890625
2 0.0375 0.76171875 0.07421875 0.1703125
2 0.18359375 0.74140625 0.05703125 0.0703125
2 0.37890625 0.72109375 0.1609375 0.1859375
2 0.52265625 0.703125 0.1078125 0.10625
2 0.69140625 0.69609375 0.09140625 0.09609375
2 0.86953125 0.684375 0.0984375 0.10546875
2 0.86015625 0.8375 0.11953125 0.13515625
2 0.715625 0.8515625 0.14140625 0.1875
2 0.5421875 0.87109375 0.15625 0.1859375
2 0.34296875 0.89140625 0.06484375 0.06796875
2 0.20703125 0.8953125 0.14140625 0.13515625
2 0.02578125 0.903125 0.0515625 0.071875