2 0.11171875 0.16015625 0.2203125 0.28828125
2 0.3390625 0.12734375 0.26875 0.2546875
3 0.37421875 0.36953125 0.22265625 0.2609375
3 0.6 0.11015625 0.25234375 0.21953125
3 0.19140625 0.88046875 0.2390625 0.23203125
3 0.17109375 0.65234375 0.2140625 0.27109375
0 0.83984375 0.08203125 0.2296875 0.1640625
0 0.86796875 0.29140625 0.24453125 0.26015625
0 0.92109375 0.77734375 0.15703125 0.25546875
0 0.134375 0.40859375 0.22265625 0.2546875
1 0.41953125 0.61171875 0.21953125 0.25703125
4 0.67421875 0.578125 0.25234375 0.25
3 0.45 0.859375 0.24375 0.24296875
3 0.634375 0.328125 0.23828125 0.25078125
2 0.7 0.8140625 0.24921875 0.259375