2 0.41640625 0.13984375 0.2734375 0.2359375
2 0.890625 0.47109375 0.21796875 0.26171875
4 0.8921875 0.7203125 0.203125 0.22890625
4 0.13984375 0.8453125 0.22578125 0.22734375
2 0.896875 0.2234375 0.20625 0.23125
2 0.1625 0.12109375 0.225 0.23515625
1 0.66875 0.203125 0.2 0.28125
1 0.884375 0.9265625 0.209375 0.146875
3 0.1515625 0.37890625 0.19375 0.2421875
3 0.40390625 0.4265625 0.2359375 0.290625
3 0.14453125 0.61484375 0.2109375 0.2359375
3 0.4 0.675 0.2125 0.24375
3 0.40703125 0.89140625 0.2328125 0.2171875
3 0.65 0.68359375 0.21875 0.2296875
3 0.653125 0.4546875 0.215625 0.234375
1 0.6328125 0.89453125 0.25234375 0.21015625