2 0.14375 0.59765625 0.25 0.2703125
2 0.6578125 0.390625 0.26015625 0.25
2 0.89609375 0.41328125 0.2078125 0.2515625
2 0.628125 0.8828125 0.228125 0.228125
2 0.16640625 0.10859375 0.21328125 0.2171875
2 0.1515625 0.3484375 0.24453125 0.246875
2 0.41328125 0.12734375 0.25078125 0.2546875
2 0.38671875 0.87109375 0.2421875 0.2234375
2 0.89765625 0.1625 0.2046875 0.25
1 0.89375 0.659375 0.21171875 0.23125
1 0.65078125 0.64765625 0.23359375 0.2421875
1 0.39765625 0.37578125 0.24140625 0.2203125
4 0.6625 0.1421875 0.24453125 0.246875
4 0.88828125 0.9 0.2234375 0.190625
2 0.39765625 0.62734375 0.2140625 0.2359375
3 0.140625 0.8453125 0.22109375 0.21875