1 0.15546875 0.11484375 0.23359375 0.2234375
1 0.3875 0.40078125 0.21875 0.2734375
0 0.4015625 0.14453125 0.21328125 0.2296875
2 0.35390625 0.64453125 0.22578125 0.26015625
2 0.64140625 0.4484375 0.24453125 0.25859375
0 0.11171875 0.61328125 0.2234375 0.25703125
0 0.59453125 0.90078125 0.22578125 0.1984375
0 0.8984375 0.22890625 0.203125 0.28359375
0 0.87421875 0.7234375 0.22734375 0.23046875
3 0.6578125 0.20234375 0.24375 0.28046875
2 0.88515625 0.484375 0.21640625 0.246875
4 0.13046875 0.36484375 0.22578125 0.25390625
0 0.3421875 0.8921875 0.20546875 0.21484375
3 0.8484375 0.93203125 0.23125 0.1359375
3 0.60859375 0.690625 0.21640625 0.25
3 0.09375 0.85078125 0.1875 0.27109375