2 0.6484375 0.42265625 0.240625 0.2421875
2 0.3953125 0.15390625 0.215625 0.2359375
2 0.153125 0.6265625 0.21171875 0.215625
4 0.89375 0.45 0.21171875 0.25390625
4 0.16328125 0.87578125 0.21015625 0.2234375
4 0.14296875 0.14140625 0.20078125 0.22109375
2 0.1515625 0.37734375 0.221875 0.2265625
4 0.40546875 0.640625 0.21328125 0.21875
4 0.6546875 0.665625 0.21171875 0.215625
0 0.89296875 0.69921875 0.2140625 0.18046875
1 0.41796875 0.88046875 0.24453125 0.2390625
3 0.4109375 0.3953125 0.1875 0.225
3 0.88671875 0.1921875 0.17890625 0.215625
3 0.9015625 0.9140625 0.19296875 0.171875
3 0.6578125 0.89453125 0.22890625 0.21015625
0 0.64140625 0.15390625 0.2203125 0.2328125