2 0.13984375 0.11875 0.2296875 0.23359375
2 0.38515625 0.13828125 0.2140625 0.2328125
2 0.6453125 0.15625 0.22265625 0.23515625
2 0.88515625 0.1890625 0.22265625 0.21640625
2 0.3484375 0.378125 0.25390625 0.259375
2 0.83046875 0.6859375 0.26015625 0.24765625
3 0.11953125 0.3609375 0.23828125 0.26640625
3 0.85078125 0.43671875 0.22109375 0.23984375
2 0.33671875 0.63671875 0.2546875 0.2484375
0 0.0859375 0.8640625 0.171875 0.25859375
0 0.296875 0.88125 0.23125 0.2375
1 0.57890625 0.6578125 0.25859375 0.24140625
1 0.79921875 0.909375 0.24765625 0.18046875
0 0.55234375 0.88984375 0.2734375 0.2203125
3 0.10625 0.61171875 0.2125 0.2703125
3 0.609375 0.41171875 0.24375 0.2328125