3 0.1609375 0.11953125 0.20703125 0.2359375
2 0.6515625 0.16328125 0.19375 0.22265625
2 0.6328125 0.90078125 0.2125 0.19765625
0 0.36953125 0.8890625 0.2234375 0.221875
0 0.37890625 0.6234375 0.20859375 0.23125
0 0.9046875 0.4359375 0.190625 0.20625
1 0.65390625 0.415625 0.2046875 0.21484375
1 0.634375 0.64921875 0.21640625 0.2265625
4 0.90546875 0.171875 0.1890625 0.21875
4 0.1390625 0.6234375 0.196875 0.20546875
4 0.8953125 0.90859375 0.20625 0.18203125
3 0.15703125 0.3609375 0.2015625 0.20546875
3 0.39453125 0.13203125 0.1921875 0.21484375
3 0.3984375 0.38125 0.23671875 0.25078125
3 0.13515625 0.85625 0.23515625 0.24765625
3 0.89140625 0.68125 0.2171875 0.23125