2 0.140625 0.33984375 0.246875 0.26171875
2 0.346875 0.609375 0.240625 0.27578125
2 0.0953125 0.82734375 0.190625 0.24453125
0 0.6390625 0.37578125 0.22265625 0.2234375
0 0.90546875 0.1421875 0.18671875 0.215625
0 0.66484375 0.125 0.21328125 0.23359375
2 0.5703125 0.86796875 0.21484375 0.23203125
2 0.4078125 0.10078125 0.22265625 0.2015625
4 0.6046875 0.62734375 0.24609375 0.23671875
4 0.82109375 0.86328125 0.26796875 0.2234375
3 0.1609375 0.11484375 0.24296875 0.2296875
4 0.33125 0.8578125 0.24296875 0.25390625
4 0.1171875 0.5859375 0.234375 0.27890625
3 0.8390625 0.63828125 0.225 0.2671875
3 0.38046875 0.3546875 0.19140625 0.240625
3 0.890625 0.384375 0.20859375 0.24296875