2 0.109375 0.153125 0.21796875 0.265625
2 0.3484375 0.15390625 0.24375 0.24765625
3 0.3546875 0.40859375 0.22421875 0.2609375
3 0.61171875 0.16484375 0.23828125 0.26484375
3 0.11328125 0.8859375 0.2265625 0.22734375
3 0.12109375 0.653125 0.20703125 0.265625
0 0.853125 0.16328125 0.20625 0.2296875
0 0.853125 0.4203125 0.23515625 0.25078125
0 0.871875 0.89375 0.20390625 0.2125
0 0.1140625 0.4046875 0.2125 0.24453125
1 0.37109375 0.6578125 0.2046875 0.24375
4 0.6296875 0.66953125 0.26484375 0.26328125
3 0.3734375 0.89921875 0.221875 0.2015625
3 0.61875 0.415625 0.25546875 0.265625
2 0.62578125 0.890625 0.2421875 0.21875