2 0.09921875 0.63359375 0.1984375 0.2703125
2 0.60234375 0.428125 0.23984375 0.234375
2 0.85078125 0.45234375 0.22578125 0.2546875
2 0.546875 0.90234375 0.228125 0.1953125
2 0.12421875 0.13515625 0.2234375 0.2453125
2 0.1046875 0.38359375 0.20859375 0.2296875
2 0.371875 0.1609375 0.246875 0.2625
2 0.30625 0.89453125 0.253125 0.2109375
2 0.871875 0.203125 0.21875 0.240625
1 0.8375 0.7 0.23671875 0.2375
1 0.58203125 0.6859375 0.22265625 0.2375
1 0.3421875 0.41328125 0.225 0.20546875
4 0.61953125 0.1796875 0.24609375 0.253125
4 0.8109375 0.92421875 0.221875 0.1515625
2 0.328125 0.6640625 0.20390625 0.23203125
3 0.08828125 0.88203125 0.17578125 0.23203125