3 0.11953125 0.1421875 0.21328125 0.26171875
2 0.60859375 0.103125 0.1953125 0.20625
2 0.690625 0.84296875 0.20546875 0.22109375
0 0.4265625 0.8671875 0.234375 0.23203125
0 0.40078125 0.60546875 0.2015625 0.2265625
0 0.8984375 0.309375 0.203125 0.215625
1 0.64375 0.34140625 0.19921875 0.2140625
1 0.65625 0.578125 0.2125 0.22734375
4 0.86484375 0.08359375 0.21640625 0.1671875
4 0.16484375 0.65546875 0.20390625 0.21484375
4 0.925 0.809375 0.15 0.2375
3 0.14921875 0.39296875 0.2203125 0.2296875
3 0.3515625 0.11796875 0.19921875 0.2234375
3 0.38828125 0.36171875 0.23359375 0.24921875
3 0.18828125 0.88046875 0.2421875 0.23515625
3 0.9015625 0.55703125 0.196875 0.2390625