3 0.10390625 0.153125 0.20703125 0.24609375
3 0.59609375 0.09375 0.21640625 0.18671875
3 0.84296875 0.06796875 0.1828125 0.1359375
3 0.8578125 0.26875 0.21015625 0.259375
3 0.134375 0.88671875 0.18125 0.21328125
3 0.35859375 0.60859375 0.19296875 0.22421875
3 0.38046875 0.84453125 0.2328125 0.25703125
4 0.34453125 0.11953125 0.2109375 0.2390625
4 0.609375 0.3125 0.19921875 0.23046875
1 0.12421875 0.64609375 0.20703125 0.2296875
1 0.87734375 0.7765625 0.18515625 0.234375
2 0.11015625 0.39765625 0.2203125 0.2609375
2 0.86796875 0.525 0.2234375 0.253125
2 0.36328125 0.35859375 0.2234375 0.2515625
2 0.62109375 0.56796875 0.2296875 0.24921875
3 0.62421875 0.815625 0.2140625 0.21484375