0 0.12421875 0.15 0.2484375 0.275
3 0.61953125 0.1515625 0.2515625 0.25625
3 0.8625 0.15546875 0.25625 0.24296875
3 0.4546875 0.88984375 0.2625 0.21953125
3 0.69921875 0.8859375 0.24609375 0.22734375
2 0.3609375 0.15 0.20234375 0.23359375
2 0.13984375 0.40234375 0.25234375 0.2609375
2 0.91875 0.8859375 0.1625 0.228125
1 0.1734375 0.65859375 0.22890625 0.23359375
1 0.41875 0.6546875 0.23359375 0.23671875
1 0.38984375 0.40546875 0.1953125 0.21484375
2 0.91171875 0.6578125 0.1765625 0.234375
4 0.67734375 0.6625 0.2515625 0.25
4 0.88359375 0.39609375 0.2328125 0.2484375
4 0.653125 0.4046875 0.26640625 0.26171875
3 0.2015625 0.8953125 0.215625 0.209375