2 0.12109375 0.13125 0.23984375 0.23203125
2 0.12421875 0.38828125 0.20234375 0.2265625
2 0.11640625 0.625 0.1921875 0.2125
2 0.38046875 0.13125 0.2046875 0.2125
3 0.36953125 0.37109375 0.2078125 0.2203125
3 0.3796875 0.615625 0.23828125 0.22578125
3 0.63125 0.36640625 0.225 0.20546875
3 0.62890625 0.11328125 0.21171875 0.22578125
3 0.63046875 0.61015625 0.1984375 0.2203125
3 0.86484375 0.60859375 0.2078125 0.2078125
2 0.6125 0.87734375 0.228125 0.21796875
2 0.86484375 0.8546875 0.22421875 0.22890625
0 0.11640625 0.884375 0.2328125 0.228125
4 0.875 0.36015625 0.21953125 0.2296875
0 0.36875 0.884375 0.215625 0.21875
0 0.865625 0.1125 0.2375 0.225