2 0.1015625 0.64609375 0.203125 0.2265625
2 0.8765625 0.15703125 0.21796875 0.2265625
4 0.61640625 0.39296875 0.24140625 0.23046875
4 0.84453125 0.89921875 0.2109375 0.2015625
4 0.1078125 0.8796875 0.215625 0.23046875
1 0.3578125 0.61328125 0.21015625 0.2171875
0 0.12421875 0.1359375 0.21015625 0.225
3 0.37421875 0.13828125 0.2265625 0.2328125
3 0.121875 0.38359375 0.24375 0.2484375
3 0.3546875 0.89140625 0.2375 0.20234375
1 0.6234375 0.1578125 0.18515625 0.22109375
3 0.59296875 0.89375 0.2390625 0.2125
3 0.3703125 0.39765625 0.221875 0.2328125
4 0.603125 0.64453125 0.20703125 0.2171875
2 0.85625 0.6421875 0.2375 0.21015625
3 0.86484375 0.3890625 0.2484375 0.23359375