4 0.35078125 0.13125 0.2046875 0.225
4 0.384375 0.88203125 0.20625 0.2140625
0 0.87421875 0.615625 0.2015625 0.21796875
0 0.609375 0.12421875 0.215625 0.2484375
3 0.12109375 0.13671875 0.2234375 0.2234375
3 0.13046875 0.378125 0.2140625 0.2375
3 0.3828125 0.3796875 0.1875 0.21484375
3 0.615625 0.3765625 0.196875 0.20546875
3 0.8859375 0.353125 0.19296875 0.18984375
3 0.65390625 0.88203125 0.1796875 0.21328125
3 0.8890625 0.86875 0.17734375 0.18046875
3 0.38828125 0.64140625 0.1796875 0.21015625
0 0.134375 0.6453125 0.215625 0.23125
2 0.1234375 0.88515625 0.203125 0.2296875
1 0.62734375 0.62421875 0.1984375 0.23203125
1 0.8734375 0.10234375 0.18046875 0.19765625