0 0.11484375 0.14921875 0.2296875 0.25234375
2 0.35546875 0.15703125 0.26796875 0.26796875
3 0.60859375 0.16015625 0.2765625 0.25703125
3 0.85546875 0.17421875 0.2703125 0.25546875
3 0.34765625 0.409375 0.26640625 0.27265625
3 0.59453125 0.41171875 0.25859375 0.2671875
3 0.59140625 0.66171875 0.27421875 0.26953125
3 0.5890625 0.890625 0.2625 0.21875
0 0.11015625 0.4015625 0.21953125 0.24765625
4 0.8515625 0.4125 0.24140625 0.24140625
0 0.3453125 0.6515625 0.24140625 0.24453125
4 0.34140625 0.88359375 0.2578125 0.23203125
4 0.10703125 0.884375 0.21328125 0.23125
0 0.11796875 0.64609375 0.23515625 0.27890625
0 0.84296875 0.66953125 0.25078125 0.25078125
1 0.83125 0.89921875 0.240625 0.2015625