2 0.1515625 0.6296875 0.228125 0.253125
2 0.88828125 0.10625 0.2234375 0.2125
4 0.65234375 0.34140625 0.2453125 0.24453125
4 0.90390625 0.83515625 0.19140625 0.23046875
4 0.16171875 0.86171875 0.2484375 0.2390625
1 0.40859375 0.578125 0.20234375 0.221875
0 0.140625 0.11796875 0.20859375 0.2328125
3 0.390625 0.109375 0.21484375 0.21875
3 0.1515625 0.36640625 0.25 0.2546875
3 0.42421875 0.85625 0.24609375 0.22109375
1 0.6421875 0.11015625 0.18984375 0.2203125
3 0.66328125 0.8453125 0.2484375 0.24375
3 0.40546875 0.3625 0.23984375 0.26015625
4 0.65625 0.59140625 0.228125 0.2453125
2 0.896875 0.5734375 0.20546875 0.21015625
3 0.890625 0.31875 0.21796875 0.23125