2 0.1109375 0.16796875 0.209375 0.2546875
2 0.61171875 0.16953125 0.20078125 0.24609375
2 0.128125 0.40234375 0.22734375 0.2515625
2 0.9171875 0.90234375 0.16484375 0.1953125
3 0.365625 0.15859375 0.2375 0.2734375
3 0.84609375 0.16953125 0.22265625 0.21953125
3 0.3953125 0.41015625 0.20546875 0.23515625
3 0.9078125 0.678125 0.184375 0.21875
3 0.421875 0.89609375 0.23984375 0.20703125
0 0.18515625 0.89765625 0.23203125 0.2046875
0 0.89296875 0.4203125 0.21328125 0.234375
1 0.13828125 0.6609375 0.19609375 0.2125
1 0.39453125 0.66796875 0.20546875 0.20703125
4 0.65546875 0.90390625 0.2015625 0.1921875
4 0.65078125 0.66328125 0.21640625 0.2390625
4 0.63671875 0.42734375 0.2109375 0.2546875