0 0.63671875 0.4171875 0.2359375 0.259375
2 0.378125 0.65234375 0.209375 0.2484375
2 0.63125 0.6703125 0.228125 0.24921875
1 0.62109375 0.8984375 0.1734375 0.20234375
1 0.8734375 0.915625 0.1875 0.16875
2 0.134375 0.88203125 0.2 0.22578125
2 0.13203125 0.1375 0.1421875 0.21875
2 0.37734375 0.1625 0.1890625 0.21953125
1 0.63359375 0.175 0.1953125 0.21484375
4 0.14140625 0.38515625 0.2046875 0.2234375
3 0.37578125 0.4 0.1765625 0.2125
3 0.8796875 0.4421875 0.184375 0.215625
3 0.13046875 0.62734375 0.1984375 0.24140625
3 0.3765625 0.89609375 0.16875 0.20703125
3 0.896875 0.1953125 0.171875 0.21875
3 0.8890625 0.6875 0.178125 0.221875