1 0.11875 0.15703125 0.234375 0.27890625
1 0.13125 0.3984375 0.21796875 0.265625
1 0.85859375 0.09375 0.2484375 0.1875
2 0.371875 0.37265625 0.27109375 0.2671875
4 0.8796875 0.31328125 0.240625 0.2671875
1 0.43671875 0.86328125 0.2390625 0.2453125
0 0.5984375 0.109375 0.20390625 0.21796875
4 0.9 0.55859375 0.2 0.25859375
1 0.19765625 0.8875 0.22578125 0.22109375
3 0.659375 0.584375 0.24296875 0.2625
3 0.69296875 0.8421875 0.23046875 0.24609375
0 0.9125 0.80625 0.17421875 0.240625
3 0.1625 0.6546875 0.228125 0.24296875
3 0.4078125 0.628125 0.2375 0.24375
2 0.3484375 0.13046875 0.246875 0.2609375