2 0.109375 0.40078125 0.21875 0.25390625
2 0.3640625 0.1546875 0.23828125 0.26875
2 0.85546875 0.18359375 0.21171875 0.24140625
2 0.59140625 0.42109375 0.23046875 0.26484375
2 0.84765625 0.42421875 0.2109375 0.22890625
1 0.60234375 0.1671875 0.2390625 0.259375
1 0.3484375 0.4234375 0.209375 0.25078125
2 0.83828125 0.68984375 0.2359375 0.2609375
4 0.34375 0.9015625 0.203125 0.196875
2 0.0984375 0.890625 0.196875 0.21875
1 0.59296875 0.90234375 0.22109375 0.1953125
0 0.840625 0.90625 0.221875 0.1875
0 0.11484375 0.1609375 0.2296875 0.259375
0 0.35078125 0.66328125 0.20078125 0.2203125
3 0.10234375 0.659375 0.2046875 0.240625
0 0.59453125 0.66484375 0.2171875 0.2265625