2 0.16875 0.121875 0.23671875 0.23828125
2 0.89296875 0.46640625 0.21328125 0.27734375
2 0.6578125 0.43125 0.24375 0.27734375
3 0.89609375 0.21640625 0.2078125 0.2671875
3 0.63828125 0.90234375 0.21953125 0.19453125
1 0.64609375 0.6921875 0.20859375 0.22890625
1 0.88125 0.9078125 0.2375 0.184375
3 0.42734375 0.14921875 0.22421875 0.2609375
1 0.4125 0.39765625 0.24375 0.27890625
0 0.4 0.63984375 0.23828125 0.25859375
0 0.3875 0.86796875 0.26875 0.2640625
0 0.16328125 0.36328125 0.2359375 0.28046875
0 0.89296875 0.71328125 0.2140625 0.2234375
3 0.67890625 0.1828125 0.24765625 0.271875
3 0.15703125 0.6046875 0.2328125 0.25078125
0 0.14609375 0.85 0.22734375 0.259375