1 0.14921875 0.115625 0.25546875 0.23046875
1 0.1140625 0.34296875 0.2125 0.2484375
1 0.88984375 0.14375 0.21484375 0.234375
2 0.35234375 0.36328125 0.25546875 0.23515625
4 0.86015625 0.39921875 0.2421875 0.25078125
1 0.29140625 0.86171875 0.2484375 0.24453125
0 0.64296875 0.13125 0.21328125 0.240625
4 0.828125 0.6453125 0.23828125 0.25703125
1 0.08203125 0.8515625 0.1640625 0.24140625
3 0.57734375 0.6234375 0.2390625 0.24453125
3 0.5453125 0.87734375 0.234375 0.22734375
0 0.79921875 0.8828125 0.24921875 0.20859375
3 0.09453125 0.59921875 0.1890625 0.2234375
3 0.32265625 0.61875 0.2515625 0.24296875
2 0.39375 0.12265625 0.25078125 0.2453125