2 0.12109375 0.1328125 0.2140625 0.23125
2 0.1671875 0.40625 0.2 0.21796875
2 0.6578125 0.409375 0.221875 0.23828125
2 0.70703125 0.9109375 0.2046875 0.178125
4 0.91171875 0.42265625 0.17578125 0.2046875
4 0.1765625 0.62890625 0.20625 0.2578125
0 0.39296875 0.16328125 0.18203125 0.2265625
0 0.62734375 0.16796875 0.2296875 0.2421875
1 0.40390625 0.4078125 0.2140625 0.23125
1 0.45078125 0.88515625 0.1984375 0.21328125
0 0.91328125 0.6765625 0.1734375 0.20078125
3 0.1984375 0.88515625 0.18984375 0.2234375
3 0.4296875 0.63828125 0.19375 0.23984375
3 0.671875 0.6546875 0.20625 0.2375
3 0.928125 0.91171875 0.14375 0.1765625
3 0.88359375 0.18203125 0.22734375 0.22265625