2 0.159375 0.4140625 0.259375 0.2625
2 0.4421875 0.6265625 0.259375 0.28125
2 0.23828125 0.88203125 0.2765625 0.23203125
0 0.653125 0.33359375 0.234375 0.2234375
0 0.85234375 0.07734375 0.2265625 0.1546875
0 0.60078125 0.10625 0.24609375 0.2125
2 0.740625 0.82421875 0.24609375 0.25546875
2 0.34140625 0.1171875 0.25234375 0.234375
1 0.69921875 0.5828125 0.27421875 0.25390625
4 0.92734375 0.7890625 0.1453125 0.26875
3 0.11953125 0.175 0.23046875 0.26796875
4 0.50390625 0.8640625 0.24296875 0.23515625
4 0.19765625 0.6609375 0.29453125 0.29375
3 0.9015625 0.540625 0.196875 0.27734375
3 0.39609375 0.3734375 0.2265625 0.25859375
3 0.89453125 0.28203125 0.2109375 0.2484375