2 0.1328125 0.38515625 0.246875 0.26640625
2 0.6359375 0.3640625 0.22734375 0.25390625
2 0.41875 0.62421875 0.21875 0.2359375
2 0.91953125 0.834375 0.1609375 0.221875
2 0.15078125 0.640625 0.2359375 0.23828125
4 0.4078125 0.3734375 0.22109375 0.25625
4 0.66015625 0.6046875 0.2734375 0.265625
4 0.61953125 0.10703125 0.2484375 0.21328125
3 0.37265625 0.1265625 0.23203125 0.25234375
3 0.865625 0.1140625 0.20390625 0.22734375
3 0.6859375 0.86015625 0.22890625 0.24921875
1 0.8875 0.34609375 0.196875 0.2234375
1 0.9015625 0.590625 0.196875 0.2375
1 0.175 0.884375 0.225 0.228125
1 0.4265625 0.89375 0.21953125 0.2
3 0.13046875 0.15390625 0.2171875 0.2234375