3 0.140625 0.11640625 0.21875 0.21640625
3 0.3796875 0.11953125 0.19765625 0.22421875
3 0.63359375 0.11171875 0.1828125 0.19296875
3 0.0796875 0.8640625 0.159375 0.225
3 0.09296875 0.62578125 0.18515625 0.18046875
3 0.340625 0.64375 0.19140625 0.20078125
4 0.88359375 0.1203125 0.1890625 0.21640625
4 0.1109375 0.36640625 0.18828125 0.20234375
3 0.59140625 0.64296875 0.19140625 0.20859375
2 0.35625 0.37265625 0.21484375 0.21015625
2 0.31328125 0.875 0.1796875 0.18515625
1 0.56796875 0.89765625 0.2046875 0.19296875
4 0.803125 0.8765625 0.178125 0.1875
1 0.8375 0.62890625 0.175 0.2203125
0 0.85546875 0.384375 0.2078125 0.19140625
0 0.61875 0.37421875 0.20859375 0.23046875