1 0.1015625 0.17109375 0.203125 0.21015625
1 0.84296875 0.09296875 0.23359375 0.18515625
4 0.121875 0.6703125 0.22109375 0.240625
4 0.6375 0.34453125 0.21796875 0.2328125
4 0.89453125 0.81640625 0.18359375 0.2203125
4 0.4203125 0.8625 0.20546875 0.25234375
2 0.353125 0.12109375 0.19375 0.2421875
2 0.590625 0.10703125 0.19375 0.2140625
0 0.3859375 0.3921875 0.19453125 0.22890625
0 0.865625 0.309375 0.19765625 0.21640625
3 0.12734375 0.41640625 0.19609375 0.20859375
3 0.3890625 0.6296875 0.21796875 0.24375
3 0.62265625 0.603125 0.19921875 0.22890625
3 0.88671875 0.56796875 0.19609375 0.22421875
3 0.6546875 0.840625 0.22734375 0.234375
3 0.1734375 0.89453125 0.225 0.2046875