4 0.14453125 0.10234375 0.22265625 0.2046875
4 0.55 0.85390625 0.225 0.22890625
2 0.11875 0.34296875 0.20859375 0.2421875
2 0.334375 0.5859375 0.23671875 0.24375
2 0.8609375 0.35859375 0.22109375 0.24140625
2 0.7953125 0.8515625 0.2125 0.20078125
1 0.82265625 0.6046875 0.21328125 0.21953125
1 0.11328125 0.603125 0.2265625 0.26171875
1 0.3 0.85234375 0.221875 0.22578125
0 0.0859375 0.84375 0.171875 0.2375
3 0.39921875 0.1125 0.2265625 0.225
3 0.3765625 0.3453125 0.21328125 0.234375
3 0.615625 0.34765625 0.23984375 0.24609375
3 0.63828125 0.1125 0.22265625 0.225
3 0.875 0.11875 0.24375 0.2375
3 0.58125 0.584375 0.23125 0.253125