1 0.13984375 0.11015625 0.24296875 0.2203125
1 0.3828125 0.33984375 0.221875 0.27421875
0 0.3875 0.1015625 0.225 0.203125
2 0.3546875 0.5890625 0.21640625 0.25
2 0.634375 0.33671875 0.24296875 0.25546875
0 0.109375 0.60703125 0.21875 0.2484375
0 0.6015625 0.821875 0.21953125 0.24375
0 0.89453125 0.103125 0.2109375 0.20625
0 0.87421875 0.5640625 0.2234375 0.22890625
3 0.64453125 0.1125 0.23203125 0.22421875
2 0.878125 0.325 0.20703125 0.23671875
4 0.121875 0.35546875 0.21328125 0.2390625
0 0.35 0.8515625 0.20078125 0.2375
3 0.85234375 0.8203125 0.2359375 0.234375
3 0.609375 0.58515625 0.23046875 0.2609375
3 0.09375 0.8484375 0.18671875 0.25390625