2 0.1546875 0.421875 0.25625 0.2625
2 0.4328125 0.66953125 0.24140625 0.26796875
2 0.2203125 0.89296875 0.26328125 0.2140625
0 0.6515625 0.409375 0.225 0.21875
0 0.85859375 0.1546875 0.2328125 0.221875
0 0.60625 0.15703125 0.221875 0.23515625
2 0.7234375 0.89375 0.21875 0.2125
2 0.3453125 0.15234375 0.234375 0.2171875
1 0.690625 0.66171875 0.25625 0.2390625
4 0.9234375 0.88671875 0.153125 0.2265625
3 0.11484375 0.18046875 0.22109375 0.24765625
4 0.4875 0.89609375 0.24375 0.20703125
4 0.18515625 0.67109375 0.2828125 0.2828125
3 0.903125 0.6484375 0.19296875 0.2625
3 0.39296875 0.41328125 0.21328125 0.25234375
3 0.8953125 0.39140625 0.20859375 0.2453125