4 0.3546875 0.1625 0.23203125 0.25078125
4 0.4640625 0.90390625 0.209375 0.1921875
0 0.909375 0.68046875 0.18125 0.2296875
0 0.61328125 0.17109375 0.22578125 0.2578125
3 0.125 0.1515625 0.22890625 0.22890625
3 0.16015625 0.3953125 0.2453125 0.265625
3 0.4125 0.4125 0.215625 0.23984375
3 0.64375 0.425 0.20078125 0.209375
3 0.9046875 0.4171875 0.190625 0.203125
3 0.73203125 0.909375 0.1984375 0.18125
3 0.934375 0.91796875 0.13125 0.16328125
3 0.44375 0.67421875 0.20859375 0.23359375
0 0.190625 0.66328125 0.225 0.2421875
2 0.20234375 0.88671875 0.2359375 0.22578125
1 0.68046875 0.6734375 0.21796875 0.24921875
1 0.87421875 0.16953125 0.2171875 0.2234375