4 0.125 0.1453125 0.203125 0.22578125
4 0.3703125 0.39140625 0.22578125 0.20078125
1 0.36484375 0.1421875 0.19765625 0.20390625
1 0.86953125 0.3796875 0.2015625 0.21640625
2 0.61953125 0.13046875 0.2296875 0.23515625
2 0.1 0.89375 0.2 0.2125
3 0.87109375 0.11953125 0.20234375 0.19921875
3 0.109375 0.38046875 0.19140625 0.19921875
3 0.11640625 0.62734375 0.20390625 0.20546875
3 0.6078125 0.62265625 0.165625 0.1859375
3 0.853125 0.87734375 0.190625 0.23046875
3 0.6078125 0.88203125 0.19296875 0.21484375
3 0.3515625 0.63046875 0.19140625 0.20234375
3 0.34765625 0.8890625 0.2296875 0.22109375
2 0.61875 0.38984375 0.209375 0.22265625