1 0.128125 0.128125 0.25625 0.25625
1 0.35390625 0.39375 0.2484375 0.25234375
1 0.11640625 0.36796875 0.2328125 0.2609375
3 0.63125 0.1703125 0.246875 0.25234375
3 0.8734375 0.18671875 0.253125 0.2546875
3 0.59296875 0.6703125 0.2140625 0.22890625
3 0.86328125 0.44375 0.2421875 0.22890625
3 0.37890625 0.15390625 0.2234375 0.25703125
2 0.84140625 0.69609375 0.2265625 0.2203125
1 0.609375 0.4359375 0.259375 0.23125
0 0.08671875 0.8953125 0.1734375 0.20859375
2 0.35234375 0.64296875 0.21953125 0.21328125
3 0.3234375 0.88828125 0.234375 0.2234375
3 0.5671875 0.90234375 0.221875 0.1953125
4 0.84296875 0.921875 0.2171875 0.15546875
0 0.1171875 0.64296875 0.23359375 0.25078125