1 0.1171875 0.153125 0.221875 0.221875
1 0.86328125 0.07734375 0.23359375 0.1546875
4 0.15859375 0.65 0.2234375 0.246875
4 0.66484375 0.315625 0.21171875 0.23203125
4 0.9265625 0.78359375 0.14609375 0.21328125
4 0.4609375 0.8390625 0.21328125 0.26640625
2 0.3734375 0.1109375 0.19375 0.22109375
2 0.61171875 0.09375 0.1984375 0.1875
0 0.41484375 0.36796875 0.19765625 0.23671875
0 0.89375 0.2765625 0.190625 0.2125
3 0.15625 0.396875 0.21328125 0.22890625
3 0.4265625 0.60390625 0.215625 0.24609375
3 0.659375 0.57421875 0.20234375 0.2359375
3 0.91015625 0.53671875 0.1796875 0.2359375
3 0.6984375 0.81171875 0.23046875 0.24296875
3 0.21640625 0.8796875 0.2265625 0.21875