2 0.1234375 0.1515625 0.20625 0.23125
2 0.61875 0.378125 0.1875 0.21796875
2 0.6609375 0.87890625 0.196875 0.20703125
2 0.39453125 0.640625 0.2203125 0.234375
4 0.3640625 0.128125 0.18984375 0.19921875
4 0.38359375 0.37265625 0.1921875 0.22265625
4 0.9 0.62265625 0.196875 0.22265625
4 0.88125 0.36171875 0.2 0.20390625
0 0.62421875 0.12109375 0.18828125 0.19140625
1 0.64296875 0.63046875 0.19453125 0.20078125
1 0.396875 0.87890625 0.209375 0.2203125
3 0.1328125 0.37109375 0.203125 0.2171875
3 0.128125 0.64140625 0.215625 0.2296875
3 0.1578125 0.8796875 0.20625 0.240625
3 0.87578125 0.1328125 0.1765625 0.21171875
3 0.90234375 0.8765625 0.1640625 0.20234375