2 0.67578125 0.89375 0.2515625 0.2125
0 0.37734375 0.1671875 0.2046875 0.246875
1 0.91796875 0.915625 0.16328125 0.16796875
1 0.17578125 0.6453125 0.2296875 0.25390625
2 0.1515625 0.396875 0.2125 0.24921875
3 0.8734375 0.1921875 0.196875 0.21875
3 0.621875 0.16796875 0.175 0.22265625
3 0.646875 0.4359375 0.20390625 0.23125
3 0.88828125 0.4515625 0.2171875 0.2125
3 0.9078125 0.709375 0.184375 0.246875
3 0.40625 0.66953125 0.22734375 0.23984375
3 0.1703125 0.88984375 0.22265625 0.2203125
1 0.1359375 0.14453125 0.21015625 0.23359375
2 0.40078125 0.41796875 0.2171875 0.2453125
0 0.43671875 0.90390625 0.2296875 0.1921875
2 0.684375 0.678125 0.23515625 0.234375