2 0.39453125 0.37578125 0.25703125 0.2421875
2 0.6515625 0.390625 0.24921875 0.246875
2 0.3765625 0.8796875 0.24609375 0.23984375
2 0.13125 0.60703125 0.23359375 0.23203125
2 0.14765625 0.35703125 0.22578125 0.23203125
1 0.65859375 0.1484375 0.2515625 0.253125
1 0.8890625 0.40625 0.221875 0.23984375
1 0.6234375 0.88984375 0.240625 0.2203125
0 0.88046875 0.8921875 0.2109375 0.215625
0 0.41484375 0.11953125 0.21796875 0.22265625
0 0.89296875 0.171875 0.2140625 0.234375
3 0.16015625 0.12578125 0.2234375 0.25078125
3 0.3765625 0.6234375 0.19765625 0.21953125
3 0.63125 0.6640625 0.23984375 0.240625
3 0.87265625 0.67265625 0.21015625 0.24765625
3 0.11796875 0.8671875 0.2078125 0.20234375