2 0.60078125 0.18046875 0.23046875 0.26484375
2 0.8546875 0.184375 0.21796875 0.240625
2 0.10859375 0.15 0.2015625 0.225
2 0.86171875 0.44375 0.2453125 0.259375
2 0.86015625 0.69296875 0.2328125 0.25390625
2 0.346875 0.903125 0.221875 0.19375
4 0.6046875 0.42265625 0.22734375 0.24296875
4 0.37109375 0.65859375 0.1890625 0.22109375
4 0.36953125 0.42578125 0.2421875 0.2609375
3 0.1203125 0.40078125 0.240625 0.2515625
3 0.60546875 0.9109375 0.2296875 0.178125
1 0.61875 0.69375 0.25703125 0.271875
0 0.85703125 0.91015625 0.1984375 0.17890625
3 0.1 0.89140625 0.2 0.2171875
2 0.10859375 0.65859375 0.2171875 0.2703125
3 0.359375 0.1703125 0.196875 0.25234375