3 0.13984375 0.12578125 0.26796875 0.2515625
3 0.11875 0.3625 0.2375 0.253125
2 0.378125 0.12890625 0.21640625 0.2296875
2 0.8765625 0.1546875 0.24375 0.25
2 0.853125 0.4125 0.2375 0.225
2 0.5640625 0.89296875 0.2125 0.2140625
4 0.80625 0.89921875 0.25390625 0.20078125
4 0.35703125 0.3796875 0.2390625 0.240625
4 0.5796875 0.64453125 0.24453125 0.2515625
0 0.615625 0.38125 0.23359375 0.234375
0 0.63203125 0.1390625 0.26796875 0.253125
0 0.834375 0.64140625 0.22578125 0.2078125
0 0.0875 0.871875 0.175 0.23125
3 0.3375 0.63359375 0.23828125 0.2328125
1 0.109375 0.61875 0.21875 0.246875
0 0.32265625 0.878125 0.23984375 0.23125