1 0.1 0.16953125 0.2 0.2484375
1 0.6015625 0.1140625 0.25625 0.228125
1 0.096875 0.40859375 0.19375 0.23203125
1 0.58828125 0.3546875 0.2453125 0.234375
0 0.3375 0.1328125 0.21640625 0.22109375
0 0.34765625 0.38359375 0.23828125 0.2265625
0 0.840625 0.31484375 0.17890625 0.1859375
4 0.84609375 0.10390625 0.2203125 0.2078125
4 0.3375 0.621875 0.25390625 0.24453125
4 0.353125 0.87421875 0.240625 0.2328125
4 0.60234375 0.5921875 0.2265625 0.23125
4 0.60859375 0.84375 0.2265625 0.2375
4 0.1046875 0.66484375 0.209375 0.2328125
2 0.84140625 0.57265625 0.2109375 0.21953125
2 0.1 0.89296875 0.2 0.2109375
3 0.8359375 0.82109375 0.21015625 0.24140625