2 0.68046875 0.86875 0.24453125 0.24609375
0 0.4078125 0.1203125 0.21875 0.2375
1 0.91640625 0.87890625 0.1671875 0.2140625
1 0.1875 0.60703125 0.23515625 0.23984375
2 0.171875 0.35703125 0.22890625 0.24296875
3 0.89921875 0.1328125 0.2015625 0.215625
3 0.653125 0.11484375 0.20234375 0.2265625
3 0.66875 0.3828125 0.21015625 0.21875
3 0.8953125 0.39140625 0.209375 0.2171875
3 0.9140625 0.65 0.171875 0.23125
3 0.41796875 0.625 0.2453125 0.23359375
3 0.1734375 0.8578125 0.22578125 0.21953125
1 0.165625 0.1109375 0.23125 0.221875
2 0.42109375 0.37109375 0.24140625 0.24609375
0 0.4390625 0.87109375 0.240625 0.21171875
2 0.69765625 0.62421875 0.25078125 0.22578125