3 0.14140625 0.12421875 0.20390625 0.2453125
3 0.88515625 0.18203125 0.2296875 0.27265625
3 0.1078125 0.875 0.215625 0.246875
4 0.8796875 0.43359375 0.228125 0.22578125
4 0.6328125 0.425 0.21875 0.22265625
4 0.64765625 0.16484375 0.22109375 0.23671875
4 0.3453125 0.8890625 0.21328125 0.22109375
4 0.11484375 0.63515625 0.2296875 0.2421875
2 0.3546875 0.6421875 0.23828125 0.23125
3 0.403125 0.13984375 0.23203125 0.2421875
3 0.1328125 0.3703125 0.22734375 0.25546875
0 0.37734375 0.4 0.23046875 0.23984375
0 0.86875 0.6875 0.21953125 0.23515625
1 0.84921875 0.909375 0.2171875 0.18125
3 0.61328125 0.6640625 0.24140625 0.253125
3 0.60078125 0.890625 0.22890625 0.21875