2 0.1203125 0.1390625 0.22734375 0.25
2 0.85 0.43359375 0.23125 0.2640625
2 0.6015625 0.41953125 0.22109375 0.25390625
3 0.86015625 0.18203125 0.2015625 0.2390625
3 0.565625 0.90625 0.19296875 0.18671875
1 0.58125 0.68203125 0.20625 0.2203125
1 0.8171875 0.8984375 0.240625 0.203125
3 0.3796875 0.153125 0.228125 0.2625
1 0.3546875 0.40546875 0.23125 0.2609375
0 0.334375 0.6515625 0.228125 0.240625
0 0.3140625 0.8796875 0.25625 0.240625
0 0.10703125 0.3953125 0.19609375 0.24296875
0 0.83046875 0.68046875 0.2046875 0.2015625
3 0.63046875 0.1671875 0.2109375 0.234375
3 0.1 0.6359375 0.2 0.22890625
0 0.08828125 0.8828125 0.1765625 0.234375