3 0.15703125 0.1171875 0.2359375 0.234375
3 0.64921875 0.1046875 0.25234375 0.209375
3 0.40546875 0.1140625 0.24296875 0.22734375
3 0.890625 0.09375 0.21484375 0.18671875
3 0.88203125 0.3296875 0.21484375 0.253125
2 0.6046875 0.58984375 0.240625 0.2515625
2 0.628125 0.3125 0.246875 0.25390625
2 0.13046875 0.34765625 0.21796875 0.2578125
2 0.3171875 0.8296875 0.215625 0.246875
1 0.86328125 0.578125 0.2078125 0.24765625
1 0.115625 0.60546875 0.23125 0.2609375
1 0.09453125 0.8515625 0.1890625 0.25625
3 0.84609375 0.825 0.22265625 0.22578125
3 0.596875 0.83515625 0.225 0.24609375
3 0.3484375 0.5828125 0.225 0.24765625
1 0.38125 0.3359375 0.240625 0.246875