3 0.10703125 0.1453125 0.2140625 0.246875
3 0.103125 0.396875 0.20625 0.25859375
3 0.58359375 0.83515625 0.21015625 0.2328125
4 0.34296875 0.12265625 0.1984375 0.22578125
4 0.09453125 0.884375 0.18828125 0.225
4 0.8484375 0.54140625 0.21484375 0.25546875
2 0.584375 0.10078125 0.23359375 0.2015625
2 0.08828125 0.65078125 0.1765625 0.2265625
2 0.34140625 0.84921875 0.22109375 0.25078125
2 0.584375 0.34921875 0.221875 0.2203125
4 0.59375 0.5640625 0.21015625 0.228125
0 0.3390625 0.35234375 0.22265625 0.2328125
0 0.8453125 0.08359375 0.234375 0.1671875
0 0.8453125 0.271875 0.24375 0.240625
1 0.353125 0.60078125 0.21875 0.24453125
1 0.83671875 0.78359375 0.2109375 0.2234375