1 0.14765625 0.10078125 0.23515625 0.19453125
1 0.8828125 0.22265625 0.234375 0.2734375
1 0.8859375 0.471875 0.228125 0.278125
1 0.403125 0.67421875 0.23125 0.2328125
1 0.659375 0.69296875 0.23125 0.2546875
1 0.1546875 0.37734375 0.23125 0.2578125
4 0.66640625 0.9046875 0.2171875 0.190625
4 0.421875 0.896875 0.23125 0.20625
1 0.40703125 0.409375 0.2296875 0.2375
4 0.4078125 0.16015625 0.21328125 0.2390625
4 0.640625 0.20859375 0.21015625 0.2421875
3 0.65078125 0.43671875 0.20703125 0.2515625
3 0.903125 0.92421875 0.19375 0.1515625
1 0.1625 0.63203125 0.234375 0.26171875
2 0.1703125 0.88203125 0.21953125 0.23515625
2 0.89453125 0.71171875 0.2109375 0.2390625