2 0.596875 0.34765625 0.25546875 0.24609375
2 0.3375 0.13515625 0.24375 0.2546875
2 0.109375 0.6578125 0.21875 0.22109375
4 0.85703125 0.32109375 0.25546875 0.2609375
4 0.12265625 0.88984375 0.23671875 0.2140625
4 0.1 0.1765625 0.2 0.240625
2 0.1125 0.41015625 0.225 0.2484375
4 0.3578125 0.6171875 0.25625 0.25390625
4 0.6078125 0.5890625 0.228125 0.22421875
0 0.8484375 0.5703125 0.23671875 0.196875
1 0.37734375 0.85703125 0.2640625 0.25859375
3 0.35859375 0.371875 0.21640625 0.24140625
3 0.828125 0.0921875 0.209375 0.184375
3 0.85 0.81015625 0.20546875 0.2453125
3 0.61875 0.8359375 0.2625 0.27265625
0 0.58203125 0.1078125 0.26328125 0.215625