2 0.4125 0.38359375 0.27890625 0.2640625
2 0.66953125 0.4140625 0.2546875 0.25078125
2 0.3953125 0.8796875 0.259375 0.240625
2 0.14921875 0.596875 0.2484375 0.246875
2 0.1625 0.34921875 0.246875 0.2515625
1 0.67578125 0.1734375 0.2484375 0.25
1 0.89140625 0.44375 0.21640625 0.2625
1 0.63984375 0.89609375 0.25078125 0.20703125
0 0.88984375 0.90625 0.21953125 0.18671875
0 0.43125 0.13359375 0.253125 0.24296875
0 0.8953125 0.21328125 0.209375 0.2609375
3 0.17734375 0.1265625 0.2296875 0.24609375
3 0.39296875 0.628125 0.20546875 0.225
3 0.6484375 0.6859375 0.25703125 0.25703125
3 0.8859375 0.709375 0.22734375 0.26484375
3 0.14453125 0.85546875 0.2109375 0.2234375